6350721
6331755
6331760
6498449
6434069
6631955
6559898
6685088
6567310
6572184
6533467
6585642
6442320
6643555
6434405
6434278
6653108
6724789
6604480
6350753
6744841
6378474
6721468
6529881
6584830
6529584
6456465
6604639
6686726
14056
9469
12139
18377
26408
26681
13079
7802
17689
427
22251
26635
28562
2021
43269
48233
39143
42400
52361
55793
37292
37306
57948
37313
44901
49351
60160
67517
67646
81834
92469
106894
118757
134254
134281
138671
73007
91565
106922
134270
67621
82557
113450
134309
78682
81828
82548
81229
81961
134256
63201
106888
134244
98336
106914
115352
115373
134262
167878
171339
179846
182562
188959
191773
196069
201485
167872
171296
172850
172845
172847
172848
178548
179824
179820
185646
198353
199253
203399
167917
167943
172859
176721
178549
191776
191784
192079
192102
192116
194376
196465
203359
203370
168779
175999
179853
183689
183900
193225
194458
194464
196466
201564
167860
174078
176001
176711
176713
179823
179837
179847
186945
188956
189410
193244
196546
199390
201535
203374
155841
155861
171326
171333
171348
174031
182560
189414
191357
196054
203782
167945
167962
167909
185508
191420
191780
193046
196024
196029
196468
199410
203241
148115
167867
168771
170993
171261
172087
172105
174577
179841
183820
196051
199237
203753
204570
207545
222155
222182
228134
228144
233396
233412
234230
235879
235890
254760
207573
207555
211442
211769
213229
221338
221347
225400
234246
235873
235891
238420
241497
243894
206025
206057
221464
224823
225393
225580
233750
238418
242221
252490
221444
226936
234241
235870
235875
239237
242624
247886
226931
233409
235889
235910
239275
241950
242232
242237
245646
207572
209722
209729
215509
218972
222150
228110
228142
232070
234234
235884
242256
246043
206020
208170
215513
221459
222159
227019
228107
235882
235893
236187
252450
211450
215510
233399
235864
239279
242230
257208
257211
260656
338320
367732
347188
349649
338318
429173
502145
502627
535459
557427
507014
517984
540724
564437
636353
636873
746308
663338
708126
772329
771525
697500
832154
919866
928432
844897
954979
924527
920264
964597
996432
1141824
1074645
1081485
1081485
1186891
979724
1084806
1035836
1441168
1284926
1493340
1493340
1726739
1685996
1686031
1810766
2334691
2162357
1821178
2059315
2278821
2027271
1984785
1997404
2025987
2067104
2210596
2612780
2765711
2578247
2750415
2689905
2645572
2438106
2943689
3272631
3365698
2982748
3261292
3688160
4181910
4231740
4207226
3736682
5324540
5276670
4613460
4699330
5277099
6016441
5761253
5343961
5586810
5409685
5842969
5778187
5445253
5754516
5351013
5795380
5986459
5829666
5924624
5924450
5628291
5525702
5825582
5821686
5697882
5445207
5445223
