6576687
6576687
6567317
6669665
6498449
6732214
6435789
6567310
6460781
6572184
6585642
6597657
6656565
6578261
6635007
6584865
6562776
6345617
6431599
6529881
6584830
6498189
6572362
6380424
255
10821
15931
20676
25120
10824
10825
10492
17693
20968
25265
25389
12365
25388
27946
28641
17495
25127
33853
35121
34010
56009
59785
93632
102507
79151
128196
129371
77257
79149
110952
190764
148092
172970
187319
157611
145819
146396
162371
193440
205297
222182
205295
206411
214095
205352
207808
292284
257208
289583
257211
292253
292282
295347
258162
285740
298989
307733
353675
312900
346985
346980
346976
364446
310334
368030
417499
414855
377490
449156
449429
474237
449457
464172
441371
449432
451791
449463
442024
449436
449452
449434
449448
489875
554037
548781
505977
518097
531759
546778
547133
531806
627754
600073
754987
746394
723817
819746
899937
996432
976921
1031625
1285046
1888850
1669419
1717017
1766950
2162357
1976503
2149068
2029741
2027271
2222963
1976504
2076644
2025987
2142460
2292800
2210596
2341597
2119775
2777760
2612780
2578247
2786161
2564353
2650823
2578281
2648318
2622560
2396830
2645572
2689165
2490993
2708456
2841310
3378227
3031014
3487125
3011109
3390404
3095897
2994416
3530645
2973798
3523590
3523596
3070387
3519392
3474087
3373122
3946570
3946570
3895999
3883642
4012140
4012140
3946569
4296519
3874163
3946563
3693305
4012158
4207226
4746574
4742777
4627437
5049277
5286954
4794812
4732544
4730396
4617053
4541872
5084838
6177062
5756994
5445101
5801921
6177002
5488699
5488699
5922918
6011867
5967077
6176674
6142978
6177211
6176804
5820703
5761253
6176705
6176730
6176886
6176855
6176798
5488680
5865070
6177272
5697584
6176870
6139164
6144474
6176830
5756851
6167285
6143032
6167248
5825583
5996335
6176648
5962723
5525702
6051104
6180852
6176965
5967046
5825533
5697379
5725674
