6286404
6559362
6575692
6663360
6755614
6286324
6537228
6742350
6491610
6724559
6286283
6581397
6559898
6275850
6286262
6748653
6275663
6286467
6568714
6742354
6416727
6456467
6736780
6714016
6724559
6286101
6247187
6323298
6745299
6751756
6237879
6575668
6752840
6285758
6286665
6271188
6271147
6732669
6257136
6595799
6733380
6749495
6460137
6641177
6742863
6723023
6247063
6247160
6275764
6410180
6275933
6568714
6736778
6286170
6285933
6575680
6575682
6576687
6264633
6285946
6733194
6741240
6723013
6600887
6600887
6247152
6275592
6237879
6286944
6537228
6613947
6442320
6442320
6714016
6684606
6285894
6271003
6452817
6571974
6654587
6544056
6659907
6659907
6460158
6286696
6755607
6491607
6607484
6275548
6434492
6584693
6584736
6567310
6749498
6452817
6545873
6571801
6751766
6264680
6748662
6683959
6684606
6371540
6752720
6286806
6575670
6575685
6751820
6559898
6731384
6731387
6739572
6739576
6436022
6497135
6286856
6575019
6540530
6456467
6584830
6584830
6684606
6285911
6584653
6285971
6575681
6584693
6584736
6286041
6732708
6233845
6666640
6744780
6739387
6617685
6294255
6436022
6724559
6742350
6755614
6714016
6724559
6736780
6742354
6745299
6748653
6751756
6723023
6732669
6733380
6742863
6749495
6752840
6723013
6733194
6736778
6741240
6684606
6714016
6749498
6751766
6755607
6683959
6684606
6731384
6731387
6739572
6739576
6748662
6751820
6752720
6684606
6732708
6739387
6744780
6742350
6724559
6755614
6748653
6742354
6724559
6751756
6416727
6714016
6736780
6745299
6595799
6733380
6749495
6752840
6641177
6723023
6742863
6732669
6733194
6723013
6736778
6741240
6714016
6684606
6749498
6751766
6755607
6683959
6748662
6751820
6752720
6731384
6731387
6739572
6739576
6684606
6732708
6744780
6739387
6684606
140017
140010
139405
139400
139388
139314
139311
139280
139279
139278
139275
139274
139271
139235
139232
139223
139220
139216
139215
139197
139196
138728
138671
137930
137666
136997
136353
136352
136030
135799
135797
135791
135786
135782
135776
135770
135630
135415
135297
135285
135283
135278
135266
135264
135039
135009
134917
134900
133772
133770
133766
133762
133401
133398
133391
132791
132762
132632
132629
132626
132621
132617
132610
132606
132601
132599
132591
132586
132584
132579
132573
132570
132566
132561
132560
132555
132553
132550
132547
132545
132544
132541
132540
132537
132534
132532
132528
132527
132526
132524
132518
132512
132506
132502
132499
132496
132495
132486
132481
132476
132472
132470
132466
132465
132462
132461
132459
132456
132453
132448
132443
132441
132437
132410
132409
132406
132404
132402
132399
132396
132394
132392
132390
132386
132385
132383
132380
132379
132377
132375
132373
132371
132370
132369
132366
132365
132364
132362
132361
132360
132359
132357
132356
132354
132353
132352
132351
132349
132348
132347
132345
132344
132343
132341
132340
132339
132338
132337
132334
132333
132331
132330
132329
132328
132326
132325
132323
132322
132319
132318
132317
132316
132314
132312
132311
132310
132308
132307
132306
132305
132303
132302
132301
132299
132298
132297
132296
132293
132292
132291
132290
132289
132287
132285
132284
132283
132282
132281
132280
132279
132278
132277
132275
132274
132273
132272
132271
132269
132268
132267
132266
132265
132264
132263
132261
132260
132258
132257
132256
132254
132253
132251
132249
132248
132247
132246
132245
132241
132240
132239
132238
132237
132236
132235
132234
132231
132230
132229
132228
132227
132225
132223
132221
132220
132218
132217
132214
132212
132211
132210
132208
132206
132205
132204
132202
132201
132198
132197
132195
132191
132190
132187
132185
132183
132181
132179
132177
132176
132174
132167
132160
132150
132140
132130
130150
130149
130147
130145
130142
130140
130138
130134
130133
130131
130130
130127
130126
130122
130121
130120
130116
130115
130112
130111
130110
130106
130104
130101
130097
130094
130092
130090
130088
130084
130082
130076
130068
130064
130052
130051
130049
130047
130045
130044
130043
130042
130040
130038
130037
130035
130032
130030
130028
130023
130019
130017
130015
130011
130004
130000
129996
129991
129988
129987
129878
129874
129869
129866
129482
129251
129248
129243
129196
129162
129161
129158
129155
129151
129145
129143
129138
129137
129136
129129
129116
129110
129096
129080
129078
129052
129047
129044
129033
129030
128948
128899
128892
128889
128862
128857
128848
128845
128842
128840
128838
128834
128833
128830
128828
128826
128824
128822
128820
128817
128816
128813
128371
128358
128351
128349
128347
128344
128246
128229
128221
128213
128209
128203
128200
128194
128191
128183
128178
128177
128172
128171
128169
128168
128167
128165
128164
128163
128161
128158
128154
128147
128135
128133
128129
128127
128125
128123
128120
128117
128114
127896
127731
127721
127715
127709
127708
127706
127700
127698
127697
127695
127691
127690
127651
127647
127643
127428
127045
127041
127034
127028
127024
127016
127011
127003
126999
126853
126850
126846
126843
126840
126836
126833
126829
126826
126820
126816
126809
126803
126801
126794
126784
126780
126776
126773
126650
126615
126591
126286
126264
126260
126250
126246
126242
126240
126239
126237
126236
126235
126234
126233
126231
126230
126229
126228
126227
126223
126222
126218
126213
126211
126208
126206
126203
126201
126195
125963
125928
125775
125769
125750
125747
125743
125739
125732
125729
125703
125702
125701
125696
125687
125682
125680
125674
125667
125460
125454
125267
125261
125260
125177
125175
125171
125170
125166
125165
125162
125161
125159
125158
125156
125154
124939
124924
124922
124920
124916
124915
124911
124906
124901
124891
124847
124843
124839
124838
124832
124827
124820
124813
124803
124784
124782
124779
124777
124776
124771
124765
124764
124756
124755
124752
124749
124744
124739
124732
124724
124711
124706
124700
124602
124546
123988
123967
123960
123886
123824
123808
123798
123792
123790
123770
123769
123767
123765
123755
123752
123740
123734
123724
123720
123718
123716
123712
123710
123707
123706
123705
123689
123666
123659
123631
123618
123610
123608
123601
123600
123595
123594
123577
123576
123571
123568
123559
123555
123553
123550
123544
123537
123534
123527
123521
123520
123512
123502
123494
123483
123455
123433
123422
123416
123372
123355
123336
123332
123324
123312
122778
122655
122340
121423
121413
121396
121394
121388
121387
121384
120742
120740
120735
120080
120079
118861
118855
118834
118736
117986
117756
117629
117581
117567
117505
117500
116915
116901
116409
116400
116391
116382
116209
116197
116157
116152
115954
115945
115934
115116
114221
113694
113379
113372
113342
111910
111271
111023
110122
109879
108118
108107
108093
107489
107354
106501
105977
105951
105947
105381
105346
104969
104828
104821
104815
104790
102450
102444
102436
102429
102377
102372
102369
102363
101760
101758
101756
101749
101550
101285
101251
99240
99213
99170
98523
98519
98513
98477
98454
98101
98098
98083
98045
97986
97511
96973
96970
96961
96957
96473
96469
96463
96458
96131
96083
95009
94743
94737
94694
94643
94522
94497
94487
94482
94466
94456
94442
94436
94433
94430
94426
94423
94418
94417
94414
94412
93172
93133
92954
92473
92469
92437
92098
92083
92071
91967
91943
91838
90822
90692
90681
90676
90593
89644
88536
88518
88081
87864
87754
87749
87726
87705
87699
87694
87689
87681
87675
87669
87640
87635
87310
87277
87137
86802
86744
86486
85613
85457
85451
85447
85441
84619
84211
83709
83690
83594
83592
83575
83560
83528
83380
83373
82595
82536
82520
82514
82507
81842
81736
81729
81724
80742
80734
80085
80060
80041
80027
80024
80002
79992
79981
79957
79954
79938
79937
79875
79618
79580
79569
78668
78545
78544
78531
78519
78361
78289
77534
77433
77418
77398
77394
76382
76344
76295
76270
76253
76250
76246
76102
76086
76085
76052
75684
75644
75553
75550
75523
75523
75501
75473
75467
75200
74870
74861
74857
74855
74827
74801
74738
74734
74700
74657
73186
73116
73112
73049
73031
72448
72444
72340
72338
72335
72331
72327
72324
72319
72316
72311
72310
72309
72308
72307
72305
72304
72303
72302
72301
72299
72298
72297
72296
72295
72294
72293
72292
72291
72289
72288
72287
72286
72284
72283
72281
72280
72279
72278
72276
72275
72274
72273
72272
72271
72270
72269
72268
72266
72264
72263
72262
72261
72260
72259
72258
72257
72256
72255
72254
72253
72251
72250
72249
72248
72247
72246
72244
72242
72241
72240
72239
72238
72237
72236
72235
72234
72233
72232
72231
72230
72229
72227
72226
72224
72223
72222
72221
72220
72219
72218
72217
72215
72213
72212
72211
72210
72209
72208
72207
72205
72204
72203
72201
72200
72199
72197
72195
72194
72193
72192
72191
72190
72189
72188
72187
72186
72184
72183
72182
72181
72180
72179
72178
72177
72176
72174
72173
72172
72171
72170
72169
72166
72165
72164
72163
72161
72160
72158
72157
72156
72155
72154
72153
72151
72150
72149
72148
72147
72146
72145
72144
72142
72141
72140
72139
72137
72135
72134
72133
72132
72131
72130
72129
72125
72124
72123
72122
72121
72120
72119
72117
72115
72114
72112
72110
72109
72108
72107
72106
72105
72104
72101
72100
72099
72098
72097
72096
72095
72094
72092
72091
72088
72086
72085
72083
72082
72081
72080
72079
72078
72077
72076
72075
72074
72073
72071
72070
72069
72068
72067
72066
72063
72062
72061
72060
72059
72058
72057
72056
72055
72054
72053
72052
72050
72049
72048
72046
72045
72044
72043
72041
72040
72039
72038
72037
72034
72033
72032
72031
72030
72029
72028
72027
72025
72024
72023
72022
72021
72020
72019
72018
72017
72016
72015
72014
72013
72012
72011
72010
72009
72007
72006
72005
72004
72002
72001
71999
71998
71997
71996
71995
71994
71993
71992
71991
71990
71988
71987
71986
71985
71984
71982
71981
71980
71979
71977
71976
71975
71974
71973
71971
71970
71969
71968
71967
71966
71965
71964
71962
71961
71960
71959
71958
71957
71956
71955
71953
71952
71950
71949
71948
71946
71093
71047
71042
71040
71036
71034
71006
71002
70998
70995
70994
70992
70987
70982
70978
70975
70972
70968
70965
70960
70959
70956
70954
70952
70949
70947
70944
70939
70938
70932
70928
70925
70920
70914
70907
70891
70886
70876
70867
70859
70848
69802
69794
69790
68630
68306
68289
68275
68268
67638
67541
67537
67530
67528
67524
67501
67403
67309
67273
67188
67184
67176
67171
67157
67101
67097
67080
67069
66786
66783
66749
66742
66730
66718
66671
66661
66652
66387
66346
66337
66292
66288
66282
66277
66273
66265
66260
66254
66229
66227
66215
66190
66189
66188
66187
66185
66182
66180
66179
66178
66175
66172
66171
66164
66154
66027
66021
66006
65917
65913
65903
65891
65887
65884
65881
65877
65866
65861
65855
65248
65071
65061
65054
65044
64899
64327
64316
64300
64291
63640
63580
63074
63054
63049
63040
63035
63027
62761
61410
61337
61332
61326
61148
60996
60994
60965
60872
60861
60151
60147
60144
59785
59496
59496
59480
59468
59441
59438
59430
58965
58751
58739
58735
58732
58727
58722
58718
58709
58698
58696
58693
58685
58679
58668
58661
58651
58360
58188
58067
58062
58057
58050
58042
58036
58028
55710
55666
55656
55649
55638
55634
55629
55625
55619
55615
55612
55610
55605
55595
55592
55587
55559
54198
54192
54189
53973
53122
53121
52791
52402
52401
52394
52391
52389
52386
52384
52379
52377
52374
52371
52370
52369
52364
52362
52359
52357
52342
52339
52332
52329
52324
52319
52292
52286
52282
52276
52274
52272
52268
51589
51220
51215
51210
51182
51171
51161
51144
51138
51118
51084
51072
51070
51066
51055
51050
51042
51039
51034
51032
51025
51021
51017
51011
51009
51002
51000
50996
50981
50972
50964
50955
50070
50022
50015
50010
50005
50000
49994
49986
49979
49974
49972
49928
49877
49362
48967
48965
48957
48953
48949
48943
48937
48920
48706
48703
48700
48694
48674
48586
48575
48574
48573
48572
48571
48570
48569
48568
48567
48557
48554
48553
48550
48548
48546
48537
46625
46621
46612
46607
46602
46597
46594
46593
46590
46587
46583
46582
46580
46577
46576
46571
46566
46564
46562
46560
46555
46554
46552
46549
46548
46546
46543
46542
46538
46536
46520
46511
46506
46502
46498
46495
46494
46383
46134
46130
46109
45681
45652
45141
45133
45128
45123
45116
45109
45107
45098
45092
45061
44827
43821
43812
43804
43801
43795
43790
43788
43780
43778
43773
43764
43759
43756
43748
43747
43744
43741
43735
43733
43729
43724
43708
43697
43689
43683
43434
43319
43316
43312
43307
43301
43295
43288
43276
43271
43266
43252
43249
43244
43233
42619
42609
42604
42595
42587
42583
42574
42570
42562
42556
42552
42549
42534
42398
42267
42262
42258
42251
42244
42226
42220
42216
42210
42200
41516
41512
41508
41474
41462
41110
40809
40806
40803
40800
40798
40795
40791
40787
40785
40782
40778
40772
40768
40764
40760
40759
40531
40470
40468
40466
40463
40459
40454
40449
40445
40441
40437
40233
40230
40224
40220
39788
39646
39644
39641
39640
39520
39477
39403
39382
39380
39378
39377
39374
39371
39366
39357
39350
39333
39329
39325
39322
39319
39312
39305
39298
39293
39285
39274
39267
39249
39245
39235
39214
38422
38418
38412
38404
38400
38395
38391
38387
38382
38377
38081
38076
38001
37994
37987
37972
37965
37960
37952
37936
37927
37925
37620
37582
37577
37202
37200
37197
37194
37179
37177
37176
37175
37174
37173
37170
37169
37166
37165
37161
37148
37142
37136
37131
37124
37046
36694
36688
36663
36659
36654
36642
36639
36635
35868
35845
35434
35433
35429
35162
34882
34815
34586
34569
34116
34099
34018
33927
33910
33843
33842
33496
33399
33285
33177
33066
32246
32165
31987
31927
31884
31874
31835
31633
31430
31404
31322
31195
31193
31192
31191
31108
31106
31081
31058
30992
30878
30833
30772
30720
30625
30620
30585
30568
30547
30325
30014
29942
29924
29921
29879
29878
29729
29717
29710
29678
29571
29503
29493
29320
29315
29313
29295
29276
29258
29238
29237
29050
28893
28871
28870
28869
28772
28769
28767
28615
28596
28575
28574
28530
28526
28520
28511
28510
28488
28487
28464
28463
28445
28354
28235
28232
28226
28224
28080
28063
28062
28059
28040
28039
28034
28032
27804
27788
27570
27561
27534
27485
27433
27352
27279
27276
27269
27104
27082
26920
26869
26689
26635
26578
26577
26476
26466
26298
26171
26055
26007
25720
25387
25386
25385
25383
25382
25378
25377
25127
24988
24233
24175
24029
23821
23738
23399
23155
23102
23039
22944
22943
22815
22503
22499
22495
22492
22491
22398
22397
22396
22375
22360
22354
22297
22251
22148
22144
22143
22142
22141
22136
22135
22134
22133
22116
21851
21799
21759
21718
21649
21503
21379
21346
21339
21326
21165
21164
21163
21155
21150
21147
20952
20876
20596
20462
20460
20270
20238
20231
20211
20210
20163
20162
20161
20160
20159
20100
20099
20036
19856
19711
19708
19706
19679
19583
19529
19090
18909
18806
18801
18800
18798
18793
18706
18679
18583
18539
18514
18430
18413
17830
17659
17657
17643
17638
17635
17632
17630
17627
17625
17618
17617
17575
17345
17338
17312
17311
17310
17301
17300
17299
17298
17249
17046
16981
16980
16977
16944
16877
16750
16683
16635
16483
16482
16433
16428
16415
16215
16212
16207
16205
16193
16142
16138
16134
16080
15878
15845
15843
15841
15840
15837
15830
15820
15810
15808
15805
15800
15770
15769
15762
15748
15741
15499
15454
15432
15322
15042
15022
14929
14897
14811
14705
14599
14559
14554
14553
14542
14460
14459
14458
14457
14456
14455
14454
14453
14452
14451
14450
14449
14448
14447
14446
14445
14444
14443
14442
14386
14343
14341
14255
14245
14244
14225
14189
14067
14066
14062
14061
14028
14026
13943
13922
13873
13844
13756
13471
13391
13382
13244
13243
13224
13191
13178
13147
13126
13125
13122
13096
13092
13073
13070
12948
12913
12789
12780
12701
12697
12551
12536
12388
12345
12343
12341
12340
12339
12338
12337
12336
12335
12334
12331
12330
12329
12289
12269
12258
12256
12216
12135
12125
11865
10816
10802
10779
10655
10380
9976
9975
9972
9968
9965
9963
9962
9961
9960
9959
9929
9224
9222
9219
9140
9139
9137
9056
8928
8897
8833
8831
8829
8790
8343
8286
8285
8023
7948
7947
7946
7945
7812
7386
7385
7339
7284
7283
7282
7281
7280
7279
7189
7188
7176
7165
7164
7100
7095
7094
7090
7089
7088
7086
7085
7084
7083
7081
7080
7074
7072
6913
6901
6867
6866
6865
6864
6678
6673
6658
6421
6325
6324
6318
6250
5761
5210
5164
5124
4997
4878
2909
2898
2754
2688
2514
2348
2292
1835
1766
1592
1582
1436
1435
1434
1433
1423
1422
1421
1420
1419
1418
1417
1416
1415
1279
1254
1142
1111
1074
1069
932
931
929
928
867
678
604
560
511
463
433
203691
203689
203685
203678
203669
203661
203650
203631
203622
203616
203604
203599
203594
203589
203585
203584
203582
203581
203577
203572
203556
203555
203552
203550
202786
202752
202747
202744
202408
202401
201757
201719
201212
200495
200486
200378
199350
199151
199150
199146
199145
199142
199141
199130
199127
199093
199090
199059
199055
199048
199045
199040
199036
199032
199029
199026
199024
199015
199012
199006
199005
199003
199002
199001
199000
198997
198994
198991
198990
198989
198987
198984
198983
198981
198979
198977
198973
198970
198966
198386
198377
198306
198303
197987
197982
197980
197974
197969
197966
197307
197301
197297
196921
196542
196537
196485
195776
195748
195550
195549
195536
194905
194596
194594
194588
194584
194487
194480
194475
194469
194466
194457
194456
194351
194339
194331
194326
194323
194310
194305
194297
193230
193227
192821
192819
192816
192813
192809
192807
192744
192728
192066
192062
192007
191730
191620
191365
191361
191347
191345
191341
191100
191011
190942
190258
190256
190079
190077
190074
190073
189252
189190
189185
189180
189160
189151
189148
188591
188590
188576
188573
188568
188567
188564
188561
188558
188066
188061
187936
187931
187921
187917
187910
187794
187779
187532
187521
187515
187513
187510
187508
187506
187465
187465
187022
186517
186507
186500
186499
186491
186478
186475
186471
186469
186467
186455
186039
185832
185826
185819
185748
185737
185694
185688
185682
185679
185675
185666
185665
185662
185661
185660
185659
185658
185657
185656
185655
185654
185653
185652
185651
185650
185641
185637
185600
185596
185570
185566
185563
185558
185498
185494
185493
185490
185488
185486
185484
185482
185479
185475
185470
185468
185466
185462
185457
185452
185448
185436
185429
185428
185425
185422
185421
185418
185415
185412
185408
185406
185405
185403
185399
185397
185394
185392
185390
185388
185387
185385
185383
185382
185379
185375
185373
185369
185364
185337
184442
183768
183537
183473
183472
183471
183189
182399
182398
182391
182127
182056
182053
182049
181524
181522
181517
181336
180792
180472
180469
180206
180107
180104
180103
180093
178817
177925
177868
177863
177777
177768
177742
177582
177435
177430
175452
175376
175368
175366
175356
174896
174715
174686
174529
174395
174390
174383
174375
174369
173913
173912
173903
173902
173901
173899
173898
173897
173538
173424
173416
173413
173411
173410
173263
173162
173138
173131
173130
172503
172290
172288
172134
172095
172080
172073
172070
172065
172062
172055
172051
172043
171912
171907
171904
171880
171860
171858
171852
171851
171849
171848
171225
171219
171217
171216
171209
171205
171133
171129
171052
171023
170947
170517
170497
170493
170467
170463
170460
170234
170229
170223
170173
170161
170085
170079
170071
170068
170048
169645
169638
169608
169005
168671
168668
168667
168664
168653
168471
168468
168464
168457
168448
168445
168442
168434
168420
168415
168396
168390
168350
168342
167896
167764
167759
167757
167755
167741
167685
167421
166669
166652
166450
166446
166443
166439
166435
166433
166429
166423
166419
166414
166406
166398
166390
166384
166378
166374
166353
166344
166338
166333
165681
165678
165677
165658
165651
165646
165643
165638
165632
165619
165614
165607
165606
165602
165599
165593
165592
165586
165577
165573
165567
165566
165558
165556
165555
165553
165550
165549
165544
165539
165538
165536
165531
165527
165526
165523
165521
165506
165497
165494
165490
165473
165468
165461
165454
165448
165443
165440
165428
165423
165318
165316
165285
165282
165150
165042
164468
164460
164399
164391
164349
164345
164228
164078
163945
163594
163588
163494
163489
163487
163485
162774
162769
162761
162719
162715
162710
162703
162698
162696
162691
161890
161802
161797
161793
161790
161388
161380
161240
161160
160617
160587
160366
160290
160287
160211
159636
159632
159629
159518
159274
158697
158672
158268
158267
158265
158263
158261
158258
158255
158247
158245
158239
158237
158228
158227
158223
158221
158218
158216
158212
158209
158207
158205
158203
158191
158185
158170
158149
157993
157987
157975
157972
157967
157959
157954
157952
157951
157950
157946
157941
157940
157936
157934
157930
157917
157913
157909
157904
157903
157900
157897
157895
157892
157891
157888
157881
157881
157865
157842
157839
157834
157826
157822
157820
157818
157810
157808
157731
157705
157694
157675
157671
157664
157660
157655
157606
156983
156438
156420
156410
155877
155872
155867
155675
154558
154551
154538
154526
154345
154082
154020
154015
153996
153993
153990
153987
153984
153713
153711
153412
153406
153400
153395
153384
153377
153371
153241
153239
153237
153204
153153
153145
153135
153082
153078
152930
152736
151919
151840
151834
150486
150485
150483
150480
150476
150474
150469
150463
150455
150451
150449
150446
150442
150440
150436
150430
150426
150425
150420
150419
150416
150415
150410
150120
150113
150110
150107
149720
149333
149175
149170
149162
148824
148770
148124
148122
148119
148115
148099
147973
147821
147819
147818
147816
147815
147814
147813
147812
147811
147809
147808
147803
147802
147801
147800
147796
147795
147794
147791
147790
147788
147786
147784
147783
147781
147779
147778
147776
147774
147773
147772
147729
147688
147579
147327
147325
147298
147292
146690
146638
146637
146635
146557
146553
146545
146541
146540
146538
146535
146530
146528
146517
146515
146482
146475
146469
146467
146464
146463
146446
146397
146395
145579
145577
145284
145282
144982
144952
144951
144797
144789
144531
144500
144496
144491
144486
144238
144235
144229
144225
144221
142529
142037
142033
141992
141988
141980
141378
141364
141355
141350
141295
141292
141289
141280
141257
255565
255562
255492
255488
255083
255079
254748
254748
252950
252453
252449
251525
251507
251438
251427
251199
250486
248820
248642
248641
248638
247698
247637
247633
247627
246593
246589
246204
246123
246113
245984
245980
245978
245972
245968
245947
245945
245939
245937
245935
245601
245590
245585
245214
245101
245100
245099
244996
244993
244989
244988
244982
244932
244838
244834
242609
242609
242545
242541
242018
241947
241933
241889
241832
241830
241127
240449
240447
240440
240423
240398
240387
240386
240108
239424
239419
239415
239222
237640
237638
237636
237635
237632
236901
236417
236412
236409
236346
236344
236340
235274
235210
235200
235197
235196
235194
235191
235189
235127
235124
234948
234876
234865
234864
234860
234833
234828
234825
234822
233594
233576
232900
232895
232884
232883
232881
232877
232862
232858
232350
232304
232216
232213
232207
232201
232198
231192
231177
231162
230956
230328
230291
230285
230278
230272
230235
230233
230229
230225
229758
229015
229014
228999
228985
228979
228966
228962
228933
228928
228925
228920
228895
228880
228783
228781
228778
228699
228688
228686
228669
228543
228531
228211
228208
226781
226777
226777
226461
225715
225709
225702
225701
225697
225695
225688
225498
225495
224654
224650
224638
224625
224621
224615
224608
224603
224585
224581
224576
224388
224378
224254
223296
223292
223218
223196
223039
223037
223033
222874
222803
222270
222264
222204
222200
221535
221307
221299
221297
221295
221243
221241
221236
221232
221230
221229
221228
221226
221225
221223
221192
220210
220069
219979
219975
219974
219972
219971
219970
219218
219067
219063
219004
218999
218802
218756
218203
218032
218030
218027
218025
217322
217273
217238
217225
217053
216830
216471
216462
216450
216441
216439
216436
216433
216430
216429
215976
215974
215973
215973
215951
215945
215720
215713
215713
215707
215633
215619
215616
215606
215602
215599
215583
215540
215535
215526
215495
215492
215490
215136
214594
214567
214565
213945
213942
213794
213786
213768
213762
213751
213737
213734
213728
213725
213693
213690
212961
212909
212505
212499
212486
212419
212419
212323
212281
212274
212274
211934
211926
211917
211912
211906
211904
211894
211889
211886
211885
211876
211873
211869
211862
211824
211819
211814
211789
211650
211531
211511
211509
211508
210883
210806
210806
210727
210727
210650
210647
210627
210626
210624
210372
210368
210363
210358
210355
210349
210347
210346
210341
210339
210330
210326
210321
210318
210314
210311
210308
210304
210300
210298
210296
210295
210292
210290
210288
209951
209791
209789
209786
209782
209779
209774
209771
209760
209750
209748
209369
209105
209096
209073
209070
209063
209056
209052
208867
208638
208633
208614
208607
207410
207327
207324
207294
207254
206767
205908
205617
205291
204536
204532
204368
204183
204178
204174
204169
309039
309031
309031
308806
308806
308078
308072
308067
307922
307919
307919
307733
307728
307723
307596
307594
307182
304420
304221
304221
304170
304164
304160
304159
304154
304151
304146
304140
304139
304129
304127
304122
304119
304117
304116
304114
304112
304108
304105
304101
304098
304094
304092
304090
304085
304084
304079
304077
304073
304070
304069
304064
304063
304060
304056
304053
304048
304040
304034
304029
304023
304019
303997
303995
303992
303991
303986
303982
303978
303972
303969
303967
303958
303951
303943
303938
303925
303903
303899
303893
303887
303883
303881
303880
303878
303707
303704
303696
303690
303675
303664
303418
301093
301086
301075
301059
301053
301040
301036
300394
300394
299899
299718
299706
299703
299699
299694
299693
299686
299683
299661
299647
299608
298024
297232
296678
296328
296320
296313
296303
296251
296247
293977
293971
293962
293959
293951
292292
292292
292282
292275
292269
292261
292253
292247
292239
292200
292195
292172
292171
292166
292163
292158
292154
292137
292135
292132
292128
292104
291712
291581
291533
291531
291522
291519
291509
291449
291444
291440
291420
291413
291408
291404
291395
291386
291372
291308
291302
291295
291281
291275
291258
291221
291221
291210
291200
291193
291182
291182
291158
291139
291122
291115
291110
291106
291106
291097
291008
290995
290989
290901
290893
290888
290848
290829
290829
290824
290737
290719
290706
290702
290698
290698
290693
290363
290360
290226
290161
289695
289678
289673
289667
289661
289660
289658
289655
289654
289654
289652
289649
289644
289641
289637
289634
289631
289622
289618
289616
289564
289500
289496
289491
289485
289482
289482
289461
289433
289383
289379
289291
289291
289275
289257
289254
289254
289223
289208
289195
289186
289164
289156
289154
289151
289139
289137
289133
289120
289118
289116
289108
289103
289049
289021
289006
288939
288928
288904
288885
288859
288838
288829
288808
288744
288741
288738
288727
288720
288716
288659
288650
287460
287457
287406
287406
286677
286109
285823
284872
284593
284586
283156
283150
283147
283126
283086
283075
283069
283064
283060
282193
282192
281077
281077
280456
280403
280403
280344
280342
279643
279641
279636
279630
279620
279607
279600
279599
279595
279593
279587
278515
278471
278470
277534
277519
277516
277261
277256
277246
277223
277218
277200
277194
277190
276584
276507
275070
274623
274621
274619
274616
274613
274612
274291
273902
273847
273831
273830
273829
273825
273820
273521
271985
270894
270876
270844
269846
269842
269777
269775
269409
269406
269403
269400
269389
269389
268575
268574
268572
268566
266846
265823
265601
264637
263491
262053
261213
261205
261190
261160
261154
261148
261132
261127
261123
260255
259790
259632
259629
259601
259047
259038
258995
258991
258318
257827
257825
257781
257777
257196
257191
257189
257184
257103
257098
257091
257090
257076
363609
362884
362505
360543
359966
359326
359030
358486
357085
357075
356570
356248
353672
352594
352180
352128
352094
350399
349649
348673
346855
346493
346012
341893
341715
341713
341562
340773
339861
339860
337763
336992
336719
336594
336064
335697
335694
335692
335422
335418
334632
334631
334629
334627
334622
334614
334612
334611
334583
334482
334482
332677
332670
332424
331714
331714
329201
328034
327765
326613
325424
325424
322461
322461
321876
320851
320348
320069
319686
319499
319498
319497
319495
319493
319485
319478
316309
316275
316272
316262
316260
315343
315343
315060
315060
314786
314570
314566
314561
314105
314005
313999
312894
312537
312531
312438
312434
311317
311315
311293
311138
310902
310899
310896
310892
310889
310885
310882
310878
310874
310871
310864
310864
310858
310855
310854
310718
310707
310334
310330
433660
432713
432456
430522
428111
427071
427071
425726
425721
424763
421740
419936
419418
416527
416373
412448
411194
409296
409294
409289
409286
407046
404552
404424
404267
403472
403453
403070
402433
402119
392634
390359
389130
388897
387819
384760
384752
382198
381621
378225
376911
375963
375958
375951
371556
371173
371169
369790
369319
368837
498286
496828
496761
496759
496744
492494
492419
491983
490064
486223
484017
481362
481362
478844
474247
474237
474237
474228
474228
473764
473764
473763
473602
473543
473079
469555
469555
468682
467393
466167
466167
457191
457183
457177
453549
451656
451386
445551
442504
442422
441537
441532
440867
440815
439654
435826
435765
562094
560690
560690
560690
559780
558625
557666
557427
555302
555252
552843
550841
549324
548315
548310
547975
546471
546471
541174
540724
538503
538129
538084
536814
536807
535459
528187
526007
525295
524457
513009
512539
507234
507234
507014
506053
504092
654081
654081
652362
642354
634768
634751
632259
628829
623182
623120
621997
621015
619318
615881
615852
615841
615829
615821
615373
613524
613516
604092
604088
602509
602502
593458
593399
593387
591933
589705
589620
588458
585748
583485
581431
577420
577400
577398
571614
571600
571184
571184
568214
568169
568167
568144
568128
566825
566459
565603
564345
563985
563832
563444
563441
562948
562754
562373
562373
787955
787903
787626
787626
787517
780809
772329
770378
770369
766177
763900
757122
757122
757007
755669
755541
753865
752757
752703
752703
751579
751579
748861
748798
747430
747069
747069
747022
746837
746677
746644
746629
746566
745112
740921
726752
726752
723253
723253
722182
713168
713168
709807
709807
708126
707444
707320
703012
703012
691219
691219
681526
681444
681105
681059
673775
668618
668605
666325
666297
661550
661003
963782
954140
952154
952147
926192
918550
916156
908349
864358
864000
863856
855128
845356
829879
829879
812918
799590
1253264
1253263
1220681
1210755
1210753
1192188
1178705
1160908
1160908
1063105
1052217
1007210
1006186
1006186
1005269
1005269
990652
990652
976924
1373648
1407624
1306035
1408144
1349431
1464231
1555816
1426833
1495346
1373648
1670255
1848265
1929701
1710060
1581187
1581192
1667665
1621471
1621472
1664138
1851733
1783239
1673961
1726739
1998794
2286118
1674452
1821178
2885735
2888796
2526844
2664829
2493070
2534377
2565495
2804190
2777537
2777537
2718829
2616226
2501087
2502597
2582442
2565484
2502597
2536445
2507500
2582441
2500165
2400995
2492569
2595728
2565501
2639492
2500165
3095897
3261292
3111781
3429613
3112290
2922267
3248800
3042694
3054495
3054498
2999615
3030978
3126937
3261292
2933303
3434546
3030372
2922267
2941477
2945985
2918936
3429612
3827707
3568472
3568472
3642248
3679672
3662391
4146596
3769427
4114520
3827678
4112803
4146596
3599453
3769427
3622036
4946896
5003482
4945000
4957654
4823745
5286885
5003110
5098652
4955803
5098637
4994444
5161651
5003116
4379634
5250404
4475868
5140646
5031179
4794812
4449869
4867702
5273200
4584881
5003117
4553413
4791713
5092043
5161651
5105218
4771465
5061707
5201575
5273200
5054360
5138318
4454428
4946936
4974939
4823604
4385811
5186386
5251439
4994444
5219873
5311248
4943508
4810544
5201575
5338604
5067426
5286834
4922479
4385726
5018286
4397754
4946935
5140583
5108543
5003484
5243278
4475381
4454428
4852669
4943532
5310112
4873943
4946937
5003118
4866162
4852652
4475868
4749049
4407133
4377497
5098529
5018286
5331748
5286954
5230911
4385755
4858620
5306250
5013224
4838095
4791712
4946895
4385771
4849890
4961962
5031376
5339043
5098467
5219896
4873927
4924546
4867688
4866163
4951428
4955811
5108565
4859987
4771465
4912011
5375940
5788476
5670949
5894468
5445195
6025414
5719833
6177002
6202267
6011928
5445101
5470012
5996235
5996235
5896385
5722896
5563039
5996335
6033546
6210742
6011951
6011805
6076856
5938993
5893333
5795619
5900511
5665954
5996347
5672723
5620587
6202342
5962723
6185445
6176705
6142284
6135580
6150726
5369613
5488571
5644586
5695364
6025427
5633709
6169116
6167285
5620649
6143032
6191882
6202252
5548180
6142282
6142286
6156920
5586810
5696116
5832721
6131503
6069083
6039495
5825559
6142978
6169116
5725459
5708570
6177211
5691027
5531532
6142275
6076900
6202316
6156918
5967046
6106949
5607727
6120720
6177062
6210684
6176674
5842969
6202211
6202299
5864951
6153182
5778186
5793065
6202245
5409685
5820703
5825559
6199283
6176804
6156904
6176830
6176730
6141478
5864919
5864408
6150726
6202266
5778187
6069083
6106201
6037704
6025427
5754516
6145451
5665954
5697072
6064624
5967077
6141412
5596175
5375941
6039495
5996347
6176798
5427996
5935372
6011872
5999435
6180550
5563039
6185445
6141438
5996335
5489249
6202277
6202198
5924450
5956972
5880065
6033593
6156908
5586810
5938993
6142265
5445160
6025414
5670826
5996172
5996172
6167248
6011867
6157901
6202177
5375932
5445195
6023404
5690994
6121543
6144474
6017951
6011849
6141429
5595588
6156897
5778186
5778187
6131503
6037732
6156865
5662237
6120720
6202254
6202369
6157901
5488680
6033593
6139636
5929472
5759530
6210566
6191866
5999435
6202274
6176648
5343961
5350082
5864935
5842969
5896122
5781707
5904549
5784853
6020208
5900511
6176870
5722896
6176965
6176886
6011770
5896408
5924450
6011835
5781707
5832721
6141493
5795380
5795570
5935372
5991152
6210833
