6356409
6755908
6725763
6740367
6741275
6293034
6735576
6275148
6275190
6728970
6728785
6725931
6529634
6742558
6685077
6529987
6747203
6737435
6749856
6737443
6737450
6737866
6733933
6722802
6275110
6442320
6739134
6737132
6744729
6283703
6752251
6684992
6742582
6275115
6275192
6727613
6744579
6741186
6656565
6614215
6747678
6728913
6751732
6669587
6728755
6728956
6733891
6753214
6670624
6738198
6566553
6716960
6653082
6741146
6741166
6739388
6740967
6725711
6725920
6673183
6673183
6677493
6723645
6721891
6585642
6247063
6356409
6726148
6745835
6728234
6728457
6722678
6409762
6315557
6731299
6744028
6727132
6721468
6754944
6744479
6551502
6732672
6747770
6737720
6431836
6755845
6749023
6748708
6748718
6737134
6726017
6726216
6574813
6740886
6727537
6636363
6756107
6739590
6656581
6614215
6728501
6309206
6595799
6686726
6686726
6728765
6733526
6733993
6275633
6730886
6748854
6736822
6380424
6638628
6720365
6752384
6731391
6497172
6726085
6744833
6755326
6669650
6669668
6755225
6653108
6722294
6752192
6638620
6692524
6755484
6732140
6739183
6739189
6748520
6730620
6730609
6720782
6724161
6736419
6726372
6331760
6755800
6568813
6742348
6725991
6741457
6742557
6724789
6724796
6230182
6722821
6352879
6283766
6748046
6736686
6567317
6749039
6742156
6724063
6740437
6740446
6323429
6745059
6740933
6739382
6735415
6315895
6748860
6730457
6752055
6733773
6323469
6581427
6275181
6656713
6727467
6742872
6740297
6740317
6756099
6723789
6723799
6685611
6721379
6498189
6395062
6734337
6725958
6741042
6735028
6736742
6737174
6722317
6724252
6736425
6746621
6736433
6574798
6744841
6740991
6755101
6568813
6744898
6725585
6744694
6745372
6724735
6494708
6498277
6728244
6730638
6730350
6732671
6734124
6442320
6736674
6748682
6744920
6745381
6574819
6751660
6745413
6726257
6755675
6739384
6748236
6730152
6716777
6720816
6748347
6748956
6456465
6581427
6754240
6475461
6748834
6747712
6724298
6744015
6755117
6267795
6323445
6755425
6755922
6755923
6721685
6692524
6338997
6734621
6740579
6742090
6725104
6725972
6741038
6749551
6587095
6323773
6438733
6737679
6752321
6571985
6752049
6745322
6721468
6755470
6745166
6740843
6751925
6737177
6728462
6736777
6728880
6733846
6755600
6736704
6744922
6740413
6742371
6726215
6723898
6721335
6574818
6742402
6740457
6529584
6635007
6740076
6726972
6741218
6656565
6656581
6748555
6736792
6604319
6352623
6600875
6728950
6683881
6730704
6656713
6751901
6726277
6742859
6726362
6756098
6752177
6313850
6313850
6585642
6341238
6754682
6744654
6725963
6726154
6735027
6748112
6735587
6737382
6533443
6533443
6587095
6275196
6275198
6685023
6736665
6736661
6574800
6744036
6725316
6742311
6754945
6756104
6756106
6739201
6685089
6751703
6722161
6363917
6755203
6728250
6733812
6574911
6450784
6720378
6736671
6345578
6747801
6747806
6730285
6736724
6728838
6745193
6740862
6751802
6529584
6275189
6636363
6754735
6740285
6604319
6352623
6460781
6669587
6732042
6275633
6275175
6275184
6475461
6737253
6751988
6251874
6360582
6721789
6498189
6338997
6740369
6574893
6748726
6724313
6750199
6574799
6742053
6725134
6739951
6751928
6498449
6529987
6723035
6749017
6753217
6753218
6754657
6755593
6315868
6315886
6736492
6745374
6725627
6740455
6634993
6741966
6725893
6739381
6728497
6600875
6728762
6733884
6456465
6275180
6734304
6736810
6716958
6732023
6653082
6498283
6726062
6739389
6727021
6740752
6723871
6723879
6677493
6755653
6756014
6734563
6740804
6728842
6736736
6730333
6722204
6724139
6724164
6724174
6724312
6742312
6331755
6741260
6528479
6742347
6743904
6739210
6685088
6751940
6720406
6363917
6378780
6734219
6309203
6753216
6345578
6735789
6735794
6751686
6574824
6745426
6755674
6755963
6656565
6728702
6733621
6733795
6755229
6755230
6730891
6734192
6748835
6748273
6737255
6751863
6566553
6724517
6497172
6744551
6739580
6742877
6740313
6741238
6677037
6669650
6755429
6755637
6653108
6721570
6684992
6685077
6716960
6721891
6722802
6723645
6725711
6725763
6725920
6725931
6727613
6728755
6728785
6728913
6728956
6728970
6730334
6733891
6733933
6735576
6737132
6737435
6737443
6737450
6737866
6738198
6739134
6739388
6740367
6740967
6741146
6741166
6741186
6741275
6742558
6742582
6744579
6744729
6749856
6751732
6752251
6753214
6755908
6686726
6686726
6720365
6721468
6722294
6722678
6726017
6726085
6726148
6726216
6727132
6727537
6728234
6728457
6728501
6728765
6730886
6731299
6731391
6732672
6733526
6733993
6736822
6737134
6737720
6739590
6740886
6744028
6744479
6744833
6745835
6747770
6748708
6748718
6748854
6749023
6752192
6752384
6754944
6755225
6755326
6755845
6756107
6685611
6692524
6720782
6721379
6722821
6723789
6723799
6724063
6724161
6724789
6724796
6725991
6726372
6727467
6730457
6730609
6730620
6732140
6733773
6735415
6736419
6736686
6739183
6739189
6739382
6740297
6740317
6740437
6740446
6740933
6741457
6742156
6742348
6742557
6742872
6745059
6748046
6748520
6748860
6749039
6752055
6755484
6755800
6756099
6716777
6720816
6721685
6722317
6724252
6724298
6724735
6725585
6725958
6726257
6728244
6730152
6730350
6730638
6732671
6734124
6734337
6735028
6736425
6736433
6736674
6736742
6737174
6739384
6740991
6741042
6744015
6744694
6744841
6744898
6744920
6745372
6745381
6745413
6746621
6747712
6748236
6748347
6748682
6748834
6748956
6751660
6754240
6755101
6755117
6755425
6755675
6755922
6755923
6683881
6692524
6721335
6721468
6723898
6725104
6725972
6726215
6726277
6726362
6726972
6728462
6728880
6728950
6730704
6733846
6734621
6736704
6736777
6736792
6737177
6737679
6740076
6740413
6740457
6740579
6740843
6741038
6741218
6742090
6742371
6742402
6742859
6744922
6745166
6745322
6748555
6749551
6751901
6751925
6752049
6752177
6752321
6755470
6755600
6756098
6685023
6685089
6720378
6721789
6722161
6725316
6725963
6726154
6728250
6728838
6730285
6732042
6733812
6735027
6735587
6736661
6736665
6736671
6736724
6737253
6737382
6739201
6740285
6740862
6742311
6744036
6744654
6745193
6747801
6747806
6748112
6751703
6751802
6751988
6754682
6754735
6754945
6755203
6756104
6756106
6716958
6723035
6723871
6723879
6724313
6725134
6725627
6725893
6726062
6727021
6728497
6728762
6732023
6733884
6734304
6736492
6736810
6739381
6739389
6739951
6740369
6740455
6740752
6741966
6742053
6745374
6748726
6749017
6750199
6751928
6753217
6753218
6754657
6755593
6755653
6685088
6720406
6721570
6722204
6724139
6724164
6724174
6724312
6724517
6728702
6728842
6730333
6730891
6733621
6733795
6734192
6734219
6734563
6735789
6735794
6736736
6737255
6739210
6739580
6740313
6740804
6741238
6741260
6742312
6742347
6742877
6743904
6744551
6745426
6748273
6748835
6751686
6751863
6751940
6753216
6755229
6755230
6755429
6755637
6755674
6755963
6756014
6737132
6744579
6741186
6733891
6725763
6740367
6741275
6742582
6685077
6723645
6721891
6738198
6728970
6728785
6753214
6751732
6742558
6755908
3651118
3651118
6684992
6728755
6728956
6747678
6728913
6739134
6741146
6741166
6747203
6737435
6749856
6737443
6737450
6737866
6752251
6739388
6740967
6725711
6725920
6733933
6744729
6725931
6735576
6722802
6716960
6727613
6749023
6748708
6748718
6737134
6595799
6730886
6739590
6733526
6733993
6726148
6745835
6740886
6722294
6748854
6736822
6754944
6722678
6744479
6756107
6731299
6752192
6728765
6731391
6755225
6755845
6728501
6747770
6737720
6752384
6721468
6755326
6726085
6744833
6656581
6732672
6726017
6726216
6744028
6727132
6728234
6728457
6720365
6727537
6686726
6686726
6749039
6755484
6745059
6740933
6739382
6733773
6739183
6739189
6740437
6740446
6724789
6724796
6721379
6736419
6755800
6720782
6742348
6725991
6741457
6742557
6685611
6723789
6723799
6724063
6724161
6748860
6730457
6735415
6748046
6736686
6742872
6756099
6740297
6740317
6742156
6732140
6692524
6726372
6748520
6730609
6730620
6722821
6727467
6752055
6739384
6725958
6741042
6745413
6726257
6724735
6734337
6721685
6716777
6748834
6747712
6736425
6746621
6736433
6720816
6722317
6744898
6725585
6744694
6745372
6751660
6724252
6748347
6748956
6755425
6755922
6755923
6754240
6748236
6730152
6736674
6748682
6755101
6755117
6728244
6730638
6730350
6755675
6744015
6732671
6734124
6744920
6745381
6724298
6744841
6740991
6735028
6736742
6737174
6736704
6740076
6726972
6741218
6740579
6742090
6725104
6725972
6741038
6742402
6740457
6752177
6730704
6752321
6737679
6745166
6740843
6721335
6728950
6755600
6755470
6748555
6736792
6751925
6683881
6751901
6726277
6742859
6721468
6756098
6737177
6728462
6736777
6728880
6752049
6726362
6656581
6733846
6744922
6740413
6742371
6726215
6734621
6692524
6745322
6749551
6723898
6747801
6747806
6730285
6736724
6728838
6740285
6732042
6744654
6725963
6726154
6685089
6755203
6737253
6722161
6736661
6736665
6754945
6756104
6756106
6739201
6754682
6685023
6721789
6751703
6751988
6720378
6736671
6728250
6751802
6754735
6733812
6745193
6740862
6744036
6725316
6742311
6735027
6748112
6735587
6737382
6736492
6732023
6734304
6741966
6725893
6739381
6733884
6740369
6725627
6740455
6736810
6750199
6725134
6739951
2390055
6723871
6723879
6724313
6728762
6755653
6753217
6753218
6754657
6755593
6728497
6751928
6749017
6726062
6739389
6727021
6740752
6745374
6742053
6748726
6723035
6716958
6735789
6735794
6720406
6730891
6734192
6756014
6733621
6733795
6740804
6745426
6685088
6748835
6748273
6737255
6722204
6742347
6743904
6739210
6751686
6724139
6724164
6724174
6724312
6751863
6755429
6755637
6753216
6755229
6755230
6728702
6721570
6751940
6744551
6739580
6742877
6755674
6755963
6740313
6741238
6734219
6724517
6734563
6741260
6742312
6728842
6736736
6730333
140061
140017
140010
140004
139010
138758
138750
138732
138722
138675
138135
138127
137947
137946
137940
137881
137568
136432
136389
136352
136292
136143
135820
135770
134208
134182
134171
133346
132435
132229
129370
129196
129189
129179
129145
129110
129106
129103
128196
128188
127452
127047
126615
126591
126570
126060
125930
125928
125880
125788
125770
125260
125204
125197
124541
124533
123988
123885
123879
123099
121988
121355
121351
119903
119644
119136
117927
117581
117468
116870
116647
116644
116627
116203
116190
116157
116152
116050
115942
115688
115680
115673
115542
115141
113868
113073
113070
113050
112963
112948
112727
111966
111748
110916
110844
110714
110714
110596
110405
110393
110393
110277
110244
108548
108073
107354
106422
106379
105527
105045
104968
103718
102986
102779
102532
102341
101550
100845
100358
99240
98944
98831
98510
98454
93626
92802
91967
91636
90285
88442
87753
87741
87272
87239
86755
86744
86373
86000
85414
85134
85065
84785
84598
84385
83512
83409
82595
81974
80759
80742
80474
80326
79928
79918
79533
79169
78883
78864
78857
78848
78846
78544
78361
77370
76884
76411
76270
76250
76052
75984
75970
75523
75523
75495
74952
74869
74838
74738
74734
73260
72964
71804
71445
71158
71085
71082
71065
70059
68750
68600
68505
68382
68306
68293
68268
68262
68257
68256
68249
68244
68071
67501
67403
67309
66749
66742
66730
66718
66661
66652
66534
66368
66012
65925
65908
65887
65869
65821
65782
65668
65630
64327
63990
63640
63030
62812
62648
62309
61019
60979
60883
60881
60875
60873
60764
60727
60147
59796
58965
58718
58606
58605
58604
58365
58293
58179
58159
57983
57835
57680
57674
57231
56329
56262
56011
55689
55612
54983
54916
54859
54801
54218
54023
53670
53121
52678
52455
52017
51377
51070
50022
49927
49917
48943
48286
46572
46570
46495
46245
45823
45109
44958
44875
43858
43419
42634
42435
42429
42347
41386
40828
40531
40463
39939
39788
39772
39632
39397
38903
38629
38149
38146
37637
37620
37577
36659
36632
36624
36468
36441
36126
36119
35868
35619
35612
35425
35263
35236
35121
35036
34969
34905
34661
34630
34381
34380
34349
34333
34332
34321
34169
34116
34109
34023
33952
33934
33913
33899
33844
33838
33837
33816
33685
33672
33667
33067
32960
32959
32947
32932
32073
32032
32005
31988
31625
31566
31441
31419
31251
31058
31030
30814
30746
30731
30697
30361
30237
30199
30029
29875
29527
29454
29395
29364
28926
28894
28872
28870
28526
28236
28226
28033
27090
26834
26833
26689
26452
25978
25949
25940
25936
25893
25774
25505
24981
24236
23991
23749
23614
23167
22731
22677
22605
22568
21929
21730
21528
21404
21326
21200
21139
20970
20968
20951
20880
20617
20613
20211
20164
19821
19681
19529
19455
18812
18452
18255
17752
17680
17312
17212
17048
16968
16942
16775
16387
16265
16207
16095
16086
16040
16039
15973
15904
15842
15743
15304
15180
14975
14671
14592
14320
14317
14301
14001
13873
13605
13415
13413
13124
12883
12696
12588
12128
12125
11980
11865
10824
10671
10369
10201
10136
9928
8977
8676
7898
7512
7357
7352
6422
6250
6191
5752
5548
4570
2754
2515
1170
712
605
203653
203648
203612
203606
203580
203575
203570
201195
201188
199032
199029
198317
198106
198106
197723
197642
197638
197301
196529
196523
196470
195892
195884
195853
195776
195636
195632
195630
193930
193924
193890
192994
192813
192807
192764
191846
191835
191374
191337
191141
191134
191122
191112
191021
190984
190638
190284
189678
189373
189372
189361
189310
189310
189301
189155
187798
187796
187465
187465
186490
185827
185818
185660
185651
185495
185445
185417
185410
185310
184649
184220
184214
184207
184195
184159
184150
183896
183893
183892
183537
183530
183474
183473
183472
183471
183464
183255
183110
182524
182518
182398
182391
182057
180937
180427
180214
180211
180203
180198
180194
180191
178592
177933
177845
177777
177768
177759
177751
177742
176634
175419
175371
174715
174689
174685
174546
174261
173905
173901
173775
173774
173416
173166
173020
172914
172912
172521
172517
172512
172510
172507
172503
172055
172051
170876
170477
170473
170467
170463
170460
170183
170074
169712
169681
168990
168987
168866
168861
168651
168646
168642
168396
168390
168364
168356
167781
167778
167741
167680
167542
167442
167435
167434
167430
167425
166750
166744
166706
166697
166689
166686
166652
166602
166590
166580
166417
166412
166384
165815
165613
165578
165544
165538
165536
165531
165527
165523
165506
165497
165456
165150
165112
165053
165048
165043
165037
165028
164696
164694
164691
164689
164369
163599
163502
163499
163490
163452
163190
162860
162859
162856
162852
162761
162123
162123
162112
162039
162035
161999
161993
161987
161779
161759
161754
160623
160322
160297
159431
158697
158672
158624
158141
158137
157830
157812
157745
157611
154691
154658
154585
153399
153395
153384
153382
153373
153333
153071
152773
152730
151834
151480
151476
150454
150440
150208
150018
150014
150012
150009
149333
148727
148723
148225
148137
148092
148063
148061
147987
147982
147917
147816
147786
147783
147654
147173
147170
146749
146683
146665
146517
146401
146398
146396
146308
146305
145795
145733
145626
145564
145367
144505
144416
144399
144164
143671
143669
143666
142584
142579
142574
142573
142375
141801
141284
256330
256118
256114
255559
254748
254748
254308
253633
253633
252378
251452
251391
251388
251383
251375
251372
251370
250910
249612
248820
245842
245839
245836
245834
245808
245803
245800
245796
245794
245789
245786
245781
245775
245772
245765
245758
245756
245750
245667
245650
245622
245612
245501
245088
245088
244914
244784
244784
244779
244779
244774
244757
244503
244496
244496
244491
244487
243820
242819
242815
242812
242805
242557
242526
242315
242313
242312
242311
242304
242150
240582
240460
240424
240419
240414
239322
239220
238677
238495
238227
238227
237496
236779
236772
236669
235544
235293
235290
235236
235178
235170
235051
235049
233893
233448
233448
233161
233159
232936
232928
232900
232895
232882
232880
232879
232876
232871
232867
232850
232847
232845
232265
232213
232055
232051
232049
232037
232031
231856
231856
231443
231436
231436
231436
231253
231247
231148
230598
230291
230285
230278
230272
229313
229106
229106
228805
228677
228445
228445
228216
227938
227938
227621
227616
227108
227102
226720
226160
226119
226062
226040
226036
226006
225919
225918
225890
225838
225706
225476
225440
225362
225362
225362
225362
225362
225354
225063
224416
224415
224414
224413
224411
224388
224378
223080
223074
223070
223066
223046
222955
222803
222317
222210
221299
221232
221228
220994
220932
219829
219192
219192
219085
219082
218497
218203
218130
218050
217843
217531
217238
217225
217126
216815
216630
216630
216444
216434
216431
216430
216080
215685
215633
215619
215612
215540
215530
215524
215497
215492
215486
215010
214619
214616
214606
214601
214597
214060
213794
213786
213743
213732
213725
213722
213703
213701
213697
213461
212939
212923
212920
212917
212914
212910
212907
211906
211904
211883
211875
211862
211823
211795
211787
211519
211513
211181
210683
210682
210679
210676
209794
209788
209779
209778
209771
209767
209764
209679
209670
209661
209653
208732
208645
208638
208633
208616
208614
208607
208583
208321
208321
207871
207348
206504
206429
206426
206414
206404
206376
205056
205051
205041
204609
204609
204192
204131
204131
309039
308994
308845
308676
308674
308670
308668
308666
308664
308664
308663
308663
308662
308662
308651
308651
308296
308296
307272
307217
307214
307211
307208
307205
306980
306976
306933
306933
306930
306928
306752
306732
306732
305348
305172
305171
305168
305164
305160
305153
304944
304944
304109
303901
303887
303815
303754
303707
303371
303369
303368
303367
303365
303363
302323
302297
302294
302280
302271
302271
302267
302267
302262
302260
301726
301251
300960
300559
299942
299938
299935
299932
299928
299927
299925
299895
299894
299686
299683
299661
299647
299157
298162
298034
298023
298020
297259
297050
296953
296949
296947
296938
296937
296935
296934
296930
296929
296926
296925
296923
296921
296920
296919
296917
296915
296912
296801
296789
296785
295769
295326
294958
293242
292827
292825
292822
292821
292816
292813
292809
292807
292803
292801
292796
292796
292284
292256
292198
292080
291162
290848
289734
289583
289548
289482
289482
289454
289208
288727
288466
288463
288460
288457
288457
288451
288449
288445
288437
288426
288422
288417
288415
288410
288408
288395
288392
288388
288385
288384
288381
287656
287495
287490
287406
287406
286469
285753
285750
285746
285744
285740
285740
285628
284985
284161
284118
283589
283581
283141
283136
282319
282315
282311
282307
281894
280890
280602
280597
280592
280588
280584
280579
280211
279622
279613
278293
278285
278280
278276
278271
277729
277696
277030
277030
276485
276481
276480
276460
276456
276451
276450
276446
276427
276424
276310
276266
275699
274763
274736
274731
274646
274644
274641
274637
274635
274629
274625
274620
274618
274614
274611
274608
274607
274604
274603
274594
274591
274586
274579
274575
274570
274565
272416
271799
271799
271515
270840
269619
269424
268574
268566
268036
265603
264647
263858
263856
263851
263849
263846
263844
263842
263839
263777
263774
263771
263767
263752
263749
263742
263737
263733
263563
263557
263557
263549
263539
263533
263525
263505
263494
262140
262073
261621
261085
261085
260875
259430
259426
259424
259420
259418
259416
259409
259405
259399
258999
257760
257758
257346
257346
257342
257087
257086
367748
367742
367742
367738
367734
366710
366180
366180
365149
364111
364109
364105
364101
364096
364094
364092
363931
362518
361802
361802
361116
361112
361107
361106
361102
361097
361095
361090
361081
361077
361075
361072
361068
359876
359086
358849
358530
358528
358526
358523
358501
358498
358495
358492
358488
358485
358478
358475
358472
358351
356767
356573
356517
356163
356159
356157
356152
356152
356147
356147
355591
355100
354553
353861
353860
353717
353713
353710
353706
353704
353701
353698
353698
353692
353692
353689
353683
353679
353675
353669
352328
352328
351702
351701
351699
351698
351697
351696
351695
351217
351150
351150
351146
351138
351138
351132
351132
351011
351011
351007
351007
350997
350996
350993
350993
350991
350987
350984
350975
349913
349913
348716
348714
348711
348711
348708
348708
348703
348699
348699
348686
348686
347650
347636
347602
347188
347184
346515
346445
346445
346103
346098
346089
346082
346082
346074
346074
345226
344862
344041
343977
343975
343847
343697
343264
342541
342196
341879
341879
341875
341872
341866
341608
341606
341602
341601
341599
341596
341595
341592
341591
341588
341586
341585
341581
341580
341364
341361
341301
340778
340206
339859
339359
339358
339357
339357
339356
339356
338824
337552
337548
337541
337532
337532
337526
337526
337510
337510
336257
336168
336159
336158
336158
336157
336157
336156
336064
335987
335987
335830
335642
335480
335480
335345
334780
334702
334699
334697
334694
334691
334600
332402
331489
331485
331482
331477
330710
330710
330707
330703
330703
330677
330677
330674
330674
330672
330173
330063
330045
329240
327902
327900
327899
327897
327895
327895
327894
327892
327774
327774
326756
326756
326732
326729
323776
323433
323430
323423
323423
323417
323417
323415
323415
323399
323399
323396
323396
323388
323388
323385
323385
323382
323382
323378
323378
323374
323374
323169
323166
323161
323158
323158
323155
323155
322461
322461
322445
322445
322434
322434
322303
322290
322290
322233
322230
322229
322224
322220
322216
321290
320366
320363
320361
320357
320357
320353
319694
319632
319629
319615
319208
319202
319199
319195
319190
319186
319186
319181
319181
319180
319021
319021
319016
318692
318692
318569
318564
318560
318551
318538
318523
318518
318510
318504
318496
318477
318472
318464
318459
318455
318449
318445
318445
318441
318441
318437
318437
318401
318401
318399
318399
318383
318383
318377
318377
318374
318374
318370
318370
318367
318367
318005
317841
317838
317833
317261
316617
316168
315529
314520
314520
314387
314238
313986
313973
313941
313939
313936
313936
313932
313932
313928
313928
313863
313863
313853
313814
313814
313812
313807
313804
313804
313802
313802
313800
313800
313797
313797
313796
313796
313781
313779
313779
312900
312891
312884
312641
312070
312070
311993
311991
311987
311981
311975
311966
311953
311949
311948
311944
311943
311939
311938
311936
311931
311929
311923
311918
311914
311906
311905
311901
311899
311899
311898
311898
311897
311897
311896
311896
311894
311894
311873
311873
311868
311865
311860
311552
311548
311545
311545
311543
311542
311542
311520
311520
311516
311516
311509
311509
311504
311504
311472
311304
310862
310456
310456
310334
310326
434905
434180
434177
434159
434142
434137
434131
434128
434125
434125
434114
434111
434107
434052
432197
432192
432189
432183
432176
432172
431993
431985
431978
431978
431970
431970
431962
431956
431928
431922
431557
431547
430273
430268
430264
430255
430253
430244
430237
429704
429173
429167
428757
428756
428717
428711
428708
428702
428697
428697
428693
428691
428683
428683
428555
428488
428488
426866
426345
426341
424234
424195
423977
423975
423969
423966
423961
423956
423952
423852
423845
423839
423836
423822
423818
423812
423806
423772
423772
423769
423102
423094
423021
422834
422756
421737
421684
421639
420815
420813
420809
420799
420796
420795
420791
420791
420790
420761
420751
420743
420469
419405
419403
419093
419071
418795
418124
418119
418115
418113
418110
418101
418101
418098
418076
418058
418054
418051
418035
417120
416239
416083
416083
416079
416072
416064
416059
416046
416039
416037
416031
416025
416022
416014
416006
415999
415996
413623
413477
413477
412863
412577
412570
412564
412560
412556
412556
412551
412547
412543
412539
412537
412532
412524
412519
412515
412512
412507
412505
412499
412499
411771
411168
410362
410303
410264
410242
409069
408930
408918
408909
408909
408907
408905
408902
408900
408897
408884
408884
408702
408613
408612
408570
408570
407923
407919
407919
406362
406356
406353
406349
406343
406315
406309
406303
406296
406287
406283
406280
406276
406269
406264
406264
404723
404723
404557
404536
404263
404113
403348
403153
403142
402720
402714
402422
402413
402409
402393
402387
402384
402379
400787
400394
399558
399558
399546
399389
399385
399382
399356
399350
399348
399345
399342
399341
399270
399268
399267
399262
399252
399249
399238
398301
398297
397709
397207
397204
397203
397203
397202
396310
395644
395013
394673
393933
393928
393925
393921
393913
393911
393907
393895
393891
393883
393876
393857
393854
393851
393849
393846
393843
393836
393832
393832
391941
390709
390708
390706
390703
390701
390698
390694
390689
390686
390682
390674
390674
390669
390666
390663
390661
390660
389123
387511
387494
387494
387491
387487
387483
387462
387460
387458
387455
387452
387352
387352
386128
385723
385396
385396
385394
385389
385389
385386
385382
385378
385375
385369
385367
385345
385344
385342
385340
385253
385247
384755
384755
381818
381802
381789
381621
381454
381451
381451
381441
381434
381430
381424
381322
381319
381308
381303
381300
381296
381291
381284
381282
381282
379311
378888
378660
378193
378191
378184
378102
377511
377511
377490
377255
377251
377246
377246
377243
377239
377236
376928
376927
376685
376683
376639
376633
376626
376622
376622
376620
376617
376613
376609
375940
375937
375912
375839
375639
375625
375623
375620
375618
375613
375479
374564
374378
374212
374210
374206
374203
374201
374198
374110
374105
374103
374099
374098
374092
373928
373927
371566
371550
371181
370923
370923
370580
370575
370571
370568
370563
370561
370558
370557
370554
370535
370532
370529
370320
370122
370119
369508
369338
369337
369333
503341
503333
503320
503318
503313
503279
503276
503243
503242
503241
503238
503215
503085
502746
502404
502022
501909
501909
501898
501898
500177
499019
499017
498285
498243
498240
498206
498203
498202
496932
496932
496817
496814
496766
496742
496739
496734
496729
496720
496675
495700
495694
495691
495684
495680
495677
495673
495262
492494
492491
492485
492465
492462
491523
490946
490694
490609
490511
490192
490093
490056
490056
490000
489909
489875
489183
489179
489037
489036
488924
488910
488905
488903
488195
485101
485088
485083
484272
484271
484170
484168
484164
484160
482199
482195
482194
482191
481935
481929
481685
481683
481341
481335
481335
480780
480624
479506
479504
479502
479501
479499
478193
478189
476689
476687
475651
475645
475481
475481
475478
475307
475304
475236
475227
475223
475215
474606
474606
474014
473764
473764
473602
473598
472411
472410
472407
472405
472403
472400
472398
472385
472381
471921
471904
471499
471493
471488
471483
471480
471468
471050
470794
470510
469858
469858
469851
469834
469831
469543
468614
468584
468473
468470
468441
468440
468438
468282
468208
468205
468202
468200
468020
467768
467768
467764
466134
465586
464901
464899
464895
464892
464889
464888
464886
464879
464877
464580
463980
463523
463382
463264
462737
462729
462727
462722
462688
461969
461753
461691
461691
458457
458452
458449
458413
458397
458394
458391
457026
457024
456816
456815
454566
454566
453311
452364
452364
451981
451954
451947
451945
451938
451791
451656
450929
450703
450703
450673
450671
449819
449463
449457
449452
449448
449443
449436
449434
449432
449429
449423
449412
449412
449405
449405
449383
449347
449202
449164
449156
449142
449088
448756
448207
448205
448162
448155
448150
448146
446915
446910
446904
446903
446892
446881
446877
446876
446866
446860
446857
446854
446850
446365
446033
445785
445419
444443
444438
444122
444117
444090
444089
444043
444030
444024
444014
443638
443457
442932
442854
442851
442849
442524
442507
442504
441673
441672
441669
441664
441537
441176
440867
440815
440798
440211
440208
440204
440202
440197
440193
440190
440187
440183
440171
440145
440136
440130
440123
440110
440105
440099
440095
440094
440091
439819
439379
438278
438209
437092
436493
436253
436252
435838
435832
434932
434927
434927
434908
561941
561933
560690
560690
560690
559184
559184
559184
559184
559184
559184
558516
558235
558051
558047
558040
558021
557531
557369
556848
556845
556840
556812
556811
556809
556808
556806
556010
555939
555309
555306
555010
555006
554964
554789
554763
554763
553760
552912
552909
552888
551999
551168
550928
550817
549784
549480
549475
549472
549467
549424
549416
549405
549395
549376
549299
549238
548849
548781
548781
548781
548772
548422
548420
548416
547133
546778
546616
545351
545350
545338
545337
545314
545299
545293
544965
544962
544882
544814
544809
543736
543736
542900
542698
542296
542239
542127
542112
542032
541248
541247
541187
541182
541143
541098
540766
540724
540445
540398
540393
540390
540363
540360
540320
540318
540315
539204
539189
538829
536773
536743
536482
536481
536217
534959
532989
532989
531885
531882
531871
531813
531806
531799
531764
531762
531757
531756
531755
529536
529534
529532
529523
529506
529504
529503
528076
527947
527906
527903
527901
527899
527898
527706
527702
527669
527455
527444
527444
526958
526950
526878
526397
526049
526049
525461
525367
525366
525364
525360
525334
525278
525276
525274
525270
525263
525043
525040
525038
525028
525027
525026
525022
524996
524995
524992
524989
524986
524191
523737
523366
523362
523360
523343
523339
523336
523331
523328
523324
523309
523304
523301
523297
523295
523290
522360
522321
522319
522123
522123
521988
521781
520127
519946
519211
519193
519193
519156
519132
519129
518647
518647
518518
518510
518397
518377
518356
518344
518335
518327
518322
518319
518315
518303
518299
518097
517795
517246
517241
517187
517185
517184
517182
517142
517139
517137
517133
517131
517128
517043
517041
516294
516267
516265
516259
515311
515006
514903
514873
514803
514803
514802
514800
514798
514796
514795
514794
514793
514792
514495
514495
514075
514073
514016
513957
513625
512932
511651
511514
511511
511505
511495
511136
510771
510771
510551
509443
509440
509439
509432
509377
509373
509371
509370
509348
509345
509028
507422
507265
507174
506930
506886
506499
506499
506054
506037
506029
506024
506008
505977
505156
504810
656644
655748
654852
654846
654843
654517
654507
653331
653323
653317
649507
649503
649490
649485
649482
649230
648666
648662
647765
647236
646845
646783
646779
646778
645342
645262
643934
643863
643860
643721
643718
643572
642676
642520
642500
642360
642359
640785
640784
640781
640780
639589
639583
639577
638782
636913
635458
634888
634886
634883
634879
634048
634018
633370
631843
631840
631070
628773
628768
628764
628760
628758
628750
625547
625108
623702
623701
623116
622980
621838
621834
621451
621015
620371
620287
619993
619762
619760
619760
619535
619531
619528
618026
617133
615798
615796
615793
615790
615787
615362
614180
614173
613407
613405
613401
613397
613391
613063
611949
611945
611942
611935
611930
611925
611923
611857
611847
611842
611050
609346
609343
608230
608178
608159
604175
604077
602614
602611
602608
602606
601342
601121
600437
600230
600073
598799
598777
596697
596311
594759
594755
594751
594747
594742
594725
594715
594559
594559
593512
593504
592365
592143
592143
592139
590931
590375
590375
590373
590371
590368
590367
590365
590362
590359
589710
589095
589007
588555
586999
586642
585791
583457
583198
583193
583184
583174
582888
580501
579569
579562
579557
579553
579513
579511
579508
579501
579500
579496
579494
579490
578952
576913
575564
575528
575521
575513
575509
575506
575479
575475
575437
575435
575433
575430
575429
575424
575420
575347
575342
575048
574574
574569
573657
569786
569735
569322
568634
568633
568632
568631
568180
568180
568153
567717
567715
566445
566106
565671
565303
564695
564694
564690
564672
564662
564651
564645
564638
564437
563994
563672
563475
563286
563281
563045
563045
563042
563042
562781
562257
795354
795340
794139
793359
793346
793341
793095
790394
787894
787894
787626
787001
785725
781454
781215
781200
780968
780775
780768
780726
778153
777660
777651
777651
777181
775588
775437
774844
774417
772311
771329
770322
769011
769006
768479
766853
766720
766109
764977
764963
764958
764954
764034
764031
762869
760715
758901
758894
758878
757742
755915
755721
755721
755388
755384
755353
755274
754987
754832
754422
753067
752703
752611
752376
752363
752363
752001
751883
751638
751567
751537
751425
751425
751354
751186
751186
748727
748724
748717
748690
748551
748551
748551
748463
747366
746732
746708
746660
746650
746643
746494
746494
746417
746394
746383
745121
743689
740970
740862
740720
740707
740696
740688
740171
740160
735409
735398
732588
732560
732528
731533
731527
729414
729407
727225
726715
726715
726446
726191
726191
726185
725618
725618
723841
723817
722178
721004
721001
717635
717635
717420
717417
717414
717406
715323
715314
715312
709807
709807
709431
709431
707394
707386
707381
706664
704238
699896
699891
699060
692967
692959
692775
692767
692764
692760
692338
692338
692259
691223
691223
690424
687486
687484
687481
687476
686357
686357
683882
681434
680846
680843
680633
680226
678553
672150
672144
672137
672130
670506
670503
668971
668896
667313
664345
664311
664304
664299
664296
664292
663814
663348
663338
661559
661043
661043
660998
658649
954979
954935
954935
954037
951165
937369
931595
930555
928598
928596
926133
925254
924867
924865
924864
918894
916603
916602
909430
904132
902842
900180
899937
899936
897514
893262
887615
887613
887611
884131
883226
876873
876871
876871
876858
876858
876851
875032
874402
871360
870074
866406
864359
863854
863847
862150
861561
857528
857516
857515
855195
852713
846132
845350
845350
843088
843007
840213
840213
840208
839166
838846
836005
835998
835993
835125
833487
833481
833475
832094
831008
829523
824849
824038
823367
823270
822736
822734
820783
819746
819734
819261
818924
818583
817852
813380
811431
811425
811422
811411
811381
811074
810012
809871
809254
809254
808351
805559
805547
802762
801720
800940
800875
800826
800818
800814
800680
800643
800636
800623
800616
800615
800608
800602
800601
800572
800565
800557
800555
800551
800550
800546
800543
799642
1250428
1250428
1210757
1210754
1202067
1192190
1192190
1177624
1177623
1174233
1160908
1160908
1157910
1157910
1151963
1151950
1149665
1147648
1147648
1146207
1141824
1130504
1108813
1101797
1066035
1061998
1055490
1052880
1052880
1045379
1045378
1035835
1035826
1035826
1035825
1032540
1032540
1027702
1016262
1013924
1013924
1009143
1009138
1005209
998094
998091
998087
996447
996446
996445
996444
996432
996395
991066
991059
991036
990675
990674
990672
988803
978304
978302
976921
967400
1293707
1298166
1334365
1387791
1527114
1276284
1309364
1409364
1410863
1469834
1541742
996427
1363019
1460392
1334365
1472999
1482581
1523468
1298167
1355874
1379772
1385954
1411965
1531996
1172879
1271048
1285039
1387791
1482581
1523461
1309364
1385954
1441168
1487887
1309865
1310609
1349750
1460388
1664438
1669419
1710046
1732857
1810766
1810767
1931322
1654130
1654131
1804422
1873784
1913143
1913146
1599975
1676291
1612116
1617159
1711160
1917289
1709664
1647195
1647198
1647203
1766950
1766950
1810766
1637328
1664438
1819023
1917275
1917275
1647196
1675962
1711158
1717017
1901785
1976503
2281764
1994935
1980190
1970011
2009029
2027271
2150749
2339729
2059315
2030915
2222997
2016289
2358522
2222963
2390055
2099324
1976504
2281764
1976502
2358251
2030915
2069661
1970011
1976504
1976175
1950773
2093791
1980010
2316140
2116546
1994935
2042626
2176945
2071804
2218186
2341596
2104259
2888498
2502524
2592333
2689905
2644681
2708456
2551207
2777760
2502524
2644695
2831948
2742144
2656011
2674272
2622560
2650823
2806066
1894891
2791997
2713589
2765713
2805428
2492542
2465594
2726632
2689906
2593206
2742144
2628883
2614914
2628882
2492520
2551207
2492508
2697674
2563667
2856080
2755938
2674766
2438106
2438106
2660813
2765711
2568627
2648318
2633100
2873439
2722372
2877280
2793570
2722485
1847209
2593206
2674256
2873438
2492509
2492522
2847137
2622575
2744696
2577029
2577029
2492566
2492559
2760144
2877280
2627181
2765714
3365698
2969220
2928503
3085330
3405834
2957397
3533089
2994431
3099597
2982512
2945470
3165371
3167303
2941476
3527262
3345650
2994431
3104773
3187804
2982705
3349771
3174648
3373122
2918943
3365698
3492223
2939009
3174647
2938986
3283773
3342050
2948706
2993151
2938986
3016470
2943689
3373122
3170177
3057224
2973903
3195858
3345650
3946570
3556420
3895999
3622329
4296519
3756901
3827676
4253113
4012140
3651118
4222456
4296519
3592438
3874163
4151067
4154917
4127848
4151074
3752996
3651118
4143238
3861261
4296470
4302699
3639411
4251833
4109498
3935226
3752996
5324540
4734131
4433965
4604007
4734131
4902587
5031340
4617243
4733385
5324540
5267529
5004369
5270622
4442511
5078001
5303162
5252979
5252979
5221831
4963017
5243324
5221828
4960350
4873928
5200435
5329829
5222818
4874726
5249809
4385769
4902571
4849902
4838097
5061675
4838114
5191298
5230779
5101399
5243119
5303162
4647655
4734118
5267537
4604007
5267327
5230807
4922455
4733385
4908366
5267537
4417325
5273185
4869364
4613460
4849887
5276670
4902572
4616833
4873944
5084583
5031346
5267533
5061124
4656613
5130033
5273193
4963006
4838123
4442511
4702206
5201447
4741849
4385750
4859975
4808054
4899730
5155756
5048951
5285827
4617243
5088633
4385745
5250135
5285719
5267533
5019295
4385729
4901347
5061176
5488699
5527197
5901883
6088163
5996147
6088239
6174085
6174085
5725674
5804837
5692743
5944867
5996332
5996332
6148913
5895874
5847810
5875011
5740676
5996328
5658714
5935521
5697586
5527181
6131515
5829617
5917337
5940718
5778202
5498469
6185796
6185796
6154421
5900555
5384869
6127920
5445253
5350179
5761391
5415044
6154421
6177272
6150759
5460037
5821703
5986682
6139164
5722448
5735752
5944860
5996147
5633617
6153200
5455004
5895866
5847810
5528352
6175598
6053670
5700330
5597717
5597788
6143087
5912356
5856092
6150759
6175598
6085057
5821703
5932200
5791846
6158856
6196606
5790043
5996374
6145512
5697584
5924624
5924624
6053670
6131502
5778202
6153076
5659740
5943354
5885409
5885409
6157808
5694415
5884313
5697882
5844861
5644581
5932241
6102204
5445207
5996305
6176855
5697379
5829617
5488643
6089036
5875011
5803927
5996305
5692966
6153064
6153112
5694415
5708519
5922918
5415036
6131502
5445253
5804524
5735752
5350963
6145514
6146400
5996374
5563066
5633617
6153187
5829666
5508270
6153092
6127918
6102204
5445207
5756994
6099396
5936530
6153118
6127919
6185292
6185292
5900555
5856092
5917337
6153188
6148888
5649766
5996328
5756851
5909856
5427646
5943414
6137833
6137833
5415251
5747738
5790043
6099396
6146425
5697882
5895866
5829666
5597737
5537504
5825630
5801921
5804817
6131515
