6356409
6286404
6559362
6428377
6427433
6663360
6755614
6286324
6568640
6742350
6491610
6610470
6673055
6724559
6311657
6636341
6656739
6279621
6286283
6303665
6303665
6581397
6669669
6275850
6356409
6286262
6435876
6748653
6275663
6286467
6568622
6568714
6742354
6416727
6456467
6736780
6714016
6724559
6286101
6247187
6323298
6566582
6745299
6669669
6751756
6237879
6575668
6752840
6285758
6286665
6271188
6271147
6572362
6732669
6420290
6345562
6257136
6656739
6595799
6733380
6749495
6566582
6460137
6345581
6641177
6742863
6607428
6723023
6247063
6247160
6275764
6604478
6275933
6568714
6736778
6705716
6286170
6285933
6575680
6575682
6576687
6264633
6285946
6733194
6741240
6723013
6325830
6600887
6600887
6247152
6275592
6237879
6286944
6613947
6442320
6442320
6714016
6684606
6420290
6285894
6271003
6345617
6571974
6663009
6654587
6607428
6544056
6659907
6659907
6460158
6428377
6428377
6428377
6707688
6286696
6755607
6597657
6543642
6491607
6610470
6275548
6434492
6705716
6352624
6584736
6567310
6749498
6545873
6571801
6751766
6264680
6707688
6748662
6529634
6568640
6683959
6597657
6543642
6684606
6673055
6371540
6345562
6752720
6636341
6286806
6575670
6575685
6751820
6731384
6731387
6663009
6739572
6739576
6497135
6435876
6410124
6286856
6575019
6529634
6568622
6540530
6456467
6684606
6285911
6584653
6285971
6352624
6575681
6584736
6279621
6286041
6732708
6345617
6233845
6345581
6666640
6744780
6739387
6617685
6325830
6724559
6742350
6755614
6714016
6724559
6736780
6742354
6745299
6748653
6751756
6723023
6732669
6733380
6742863
6749495
6752840
6705716
6723013
6733194
6736778
6741240
6684606
6714016
6705716
6707688
6749498
6751766
6755607
6683959
6684606
6707688
6731384
6731387
6739572
6739576
6748662
6751820
6752720
6684606
6732708
6739387
6744780
6742350
6724559
6755614
6748653
6742354
6724559
6751756
6416727
6714016
6736780
6745299
6595799
6733380
6749495
6752840
6641177
6723023
6742863
6732669
6733194
6705716
6723013
6736778
6741240
6714016
6684606
6749498
6707688
6705716
6751766
6755607
6683959
6748662
6707688
6751820
6752720
6731384
6731387
6739572
6739576
6684606
6732708
6744780
6739387
6684606
140087
139197
138957
138346
138126
137930
137907
136992
136378
136372
136030
135630
135237
135031
135007
134863
134863
134860
134217
134204
134201
133573
133460
133457
133454
132776
132762
132619
132446
132431
131982
130079
129482
128859
128753
128470
128349
128344
128236
128222
128193
128192
127896
127857
127729
127455
127434
127431
127226
127224
126754
125963
125778
125775
125267
125261
124600
124546
124174
123354
123347
123312
122792
122778
122748
122340
121423
121412
121388
121126
120752
119900
119897
119893
119637
119601
118855
117986
117763
117751
117629
117614
117525
117208
116751
116639
115960
115534
115147
115116
114386
114221
113871
113694
113092
112919
112911
112833
112828
112703
112700
112694
111766
111752
111271
110382
110341
110274
110270
110261
110259
110235
110122
109985
108093
107866
107492
107489
106673
105972
105947
105170
105055
105047
105037
104957
104931
104304
103551
102986
102372
102361
101836
101542
101514
101066
100841
99626
99625
99622
99621
98835
98098
98091
97525
97522
97518
97515
97511
97506
97098
96926
96891
96886
96881
96853
96846
96620
96469
96466
96455
96282
96123
95458
95204
93643
93445
93194
93194
92098
92083
92071
91838
91464
91436
90977
90676
90322
90235
89093
88412
87864
86770
86744
86486
86376
86372
85413
85368
84619
83712
83680
82722
82719
82595
81979
81237
80460
80060
80011
79833
79669
79274
78968
78850
77104
76311
76305
76227
75995
75962
75949
75684
75185
75132
75130
75129
74842
74808
74802
74700
74696
74657
73186
73087
72952
71760
71093
71028
71022
71009
70609
69622
68753
68603
68600
68595
68562
68557
68458
68317
67207
66786
66783
66767
66765
66754
66387
66027
66021
66008
66006
65952
65615
65612
65611
65608
65443
65360
65248
65072
65068
64808
64599
63637
63188
63181
62299
61804
61410
61337
61332
61326
61148
61016
60999
60996
60764
60700
60633
60205
59785
59496
59496
59480
59468
58601
58179
58101
57855
57471
56675
56272
56254
55829
55727
55720
55705
55580
55573
55567
55559
55551
54926
54923
54910
54904
54902
54886
54875
54864
54854
54848
54837
54831
54805
54113
53695
53376
52862
52848
52841
52510
51633
51582
51174
51168
51115
51110
51107
51106
50942
50256
50224
50198
50194
50187
50070
50014
49362
49190
47984
47978
46383
45510
44324
44314
44273
44022
43425
42440
42426
42337
41950
41768
41418
41110
40808
40804
40801
39797
39646
39644
39641
39640
39638
39520
39477
38967
38836
38824
38822
37582
37242
37097
37046
36959
36883
36524
36468
36353
36311
36309
36165
36016
36015
35943
35928
35926
35920
35845
35712
35651
35589
35586
35434
35429
35427
35424
35071
35070
35043
35036
34882
34853
34837
34815
34804
34748
34706
34696
34663
34606
34595
34593
34586
34558
34556
34428
34376
34366
34365
34113
34099
34018
33999
33963
33927
33910
33843
33842
33836
33668
33666
33664
33564
33563
33496
33433
33430
33399
33380
33370
33369
33368
33356
33290
33288
33286
33285
33280
33271
33252
33251
33177
33162
33087
33066
33065
33013
33012
33010
32991
32949
32948
32929
32928
32627
32626
32013
32008
31877
31873
31730
31654
31344
31269
31268
31267
31266
31213
31081
30878
30747
30717
30604
30600
30597
30596
30547
30364
30362
30329
30241
30234
30051
29921
29869
29868
29866
29800
29741
29740
29711
29710
29685
29678
29552
29371
29320
29315
29313
29264
29201
29072
28888
28887
28885
28884
28875
28874
28565
28562
28478
28477
28476
28475
28474
28473
28472
28471
28470
28469
28468
28467
28466
28465
28462
28461
28460
28459
28458
28457
28456
28454
28453
28452
28451
28450
28449
28448
28447
28446
28444
28443
28442
28441
28440
28439
28438
28437
28436
28435
28434
28433
28432
28431
28430
28429
28428
28427
28426
28425
28424
28423
28422
28421
28420
28419
28418
28417
28416
28415
28414
28413
28411
28398
28237
28231
28143
28107
28080
28064
28052
28032
28008
27998
27994
27859
27709
27570
27433
27356
27352
27345
27279
27270
27269
27240
26920
26836
26812
26810
26711
26694
26689
26645
26635
26578
26577
26484
26483
26473
26466
26462
26450
26307
26303
26301
26298
26061
26055
26054
26052
26050
26047
26044
26038
26037
26035
26005
26003
26000
25999
25939
25932
25931
25894
25892
25740
25641
25529
25389
25387
25386
25385
25379
25377
24868
24236
24233
24169
23821
23751
23736
23620
23399
23390
23377
23199
23103
23102
23091
23090
23089
23039
23033
23032
23031
23029
23028
23023
22944
22943
22815
22768
22685
22683
22645
22593
22529
22503
22499
22495
22492
22491
22398
22397
22396
22297
22277
22257
22256
22251
22236
22152
22151
22150
22148
22144
22143
22142
22141
22139
22136
22135
22134
22133
22132
22116
22111
21963
21952
21935
21922
21915
21851
21816
21799
21759
21752
21719
21718
21707
21704
21702
21697
21691
21652
21649
21643
21525
21426
21379
21346
21339
21165
21164
21163
21155
21152
21150
21147
20972
20971
20952
20950
20949
20880
20876
20707
20699
20647
20632
20598
20596
20594
20593
20462
20460
20457
20431
20387
20297
20278
20270
20263
20238
20210
20163
20162
20161
20160
20159
20100
20099
20039
20036
19967
19939
19936
19856
19822
19783
19711
19708
19706
19682
19679
19653
19627
19625
19614
19606
19605
19583
19531
19457
19455
19182
19180
19078
19073
18977
18949
18909
18872
18815
18806
18801
18800
18798
18795
18738
18706
18679
18640
18587
18583
18543
18539
18515
18514
18513
18512
18510
18509
18508
18507
18506
18505
18504
18503
18502
18501
18500
18430
18428
18413
18255
18253
18249
18146
18098
17969
17935
17857
17840
17830
17736
17693
17690
17665
17662
17659
17657
17643
17638
17635
17632
17630
17618
17617
17586
17576
17575
17442
17344
17338
17333
17325
17312
17311
17310
17215
17210
17209
17109
17070
17047
17046
16981
16980
16977
16960
16944
16879
16877
16801
16800
16750
16683
16657
16635
16558
16556
16555
16428
16424
16422
16421
16415
16411
16410
16388
16383
16279
16247
16219
16212
16205
16156
16155
16115
16095
16080
16054
15973
15931
15909
15908
15892
15878
15845
15843
15841
15840
15837
15830
15820
15810
15808
15805
15800
15775
15770
15769
15762
15755
15748
15743
15741
15660
15584
15499
15434
15421
15329
15322
15271
15181
15148
15090
15042
15038
15037
15024
15023
15022
14981
14926
14897
14825
14820
14819
14818
14817
14811
14722
14629
14559
14554
14553
14542
14540
14460
14459
14458
14457
14456
14455
14454
14453
14452
14451
14450
14449
14448
14447
14446
14445
14444
14443
14442
14441
14387
14365
14341
14323
14312
14293
14245
14188
14173
14171
14067
14066
14063
14062
14061
14013
13943
13923
13921
13920
13890
13874
13869
13868
13866
13864
13844
13800
13797
13756
13747
13732
13696
13695
13635
13615
13607
13606
13601
13563
13471
13429
13408
13391
13382
13335
13295
13294
13293
13243
13224
13196
13191
13190
13190
13154
13150
13147
13122
13096
13094
13074
13073
13070
13059
12980
12979
12976
12975
12973
12948
12947
12946
12887
12882
12789
12780
12771
12736
12735
12733
12700
12697
12696
12659
12551
12467
12464
12389
12367
12358
12322
12289
12268
12258
12256
12226
12216
12149
12109
12108
12107
12001
11981
11977
11948
11939
11856
11855
11843
10984
10821
10816
10802
10779
10778
10683
10656
10655
10654
10296
10295
10294
10272
10170
9977
9976
9975
9974
9972
9968
9967
9965
9963
9962
9960
9959
9929
9927
9599
9226
9225
9224
9222
9219
9140
9139
9137
9009
8944
8928
8897
8825
8813
8790
8758
8757
8756
8690
8689
8681
8678
8677
8351
8343
8286
8285
8243
8239
8158
8157
8155
8024
8023
8021
7948
7947
7946
7945
7815
7812
7810
7748
7588
7579
7452
7448
7446
7398
7391
7385
7384
7383
7381
7373
7355
7354
7353
7350
7284
7283
7282
7281
7280
7279
7189
7188
7176
7172
7153
7100
7095
7094
7090
7089
7088
7086
7085
7084
7083
7081
7080
7074
7072
7070
6913
6901
6865
6864
6859
6673
6658
6597
6573
6537
6420
6417
6374
6332
6318
6205
5718
5576
5572
5571
5477
5428
5164
5128
5124
5115
4997
4889
4609
4383
3962
3525
3251
3122
2909
2898
2687
2514
2511
2444
2387
2377
2348
2329
2328
2327
2326
2323
2292
2124
1877
1835
1659
1592
1582
1562
1436
1435
1434
1433
1423
1422
1421
1420
1419
1418
1417
1416
1415
1338
1279
1245
1172
1171
1111
1074
1072
1069
936
932
931
929
928
871
867
852
837
784
698
678
604
603
596
592
590
560
511
486
484
463
433
427
425
361
344
203568
203485
203485
203485
203333
203333
203333
203313
203313
203313
203313
203313
203313
203308
202773
202480
202237
201528
201504
200877
200378
200197
200192
200189
199670
199365
199362
199359
199354
198456
198446
198133
198102
197981
197810
197586
196997
196990
196272
196125
195875
195813
195810
195806
195548
194905
194475
194365
193939
193007
192391
192387
192385
192314
192300
192119
192066
192007
191011
190903
190903
190853
190103
190075
190071
189870
189319
189317
188963
188213
188061
187701
187465
187465
187319
187308
187022
187014
187010
186996
185821
185641
185637
185288
185152
184626
184599
184442
184355
183892
182551
182546
182127
182056
182053
182049
181933
180824
179958
179854
179749
179747
179743
179113
178824
178005
177989
177902
177876
177868
177863
177621
177430
176680
176680
176654
176130
175416
175281
174552
174547
174524
174469
173921
173698
173116
172928
172554
171319
170967
170966
170947
170227
170177
170173
169729
169727
168999
168960
168111
167989
167989
167897
167896
167866
167528
167355
166800
166195
166073
165606
165586
165438
164856
164713
164707
164360
164228
164227
164078
164023
163594
163588
163486
163253
163178
162779
162640
162371
162113
161518
161388
161380
161368
161066
161027
160005
159731
159720
159717
159678
158816
158814
158812
158811
158807
158251
158250
158246
158241
158235
158232
158228
158227
158221
158216
158209
158205
158203
158197
158191
158187
158185
158175
158171
158163
158160
158149
158125
158099
157987
157981
157975
157959
157958
157954
157952
157951
157950
157948
157946
157943
157940
157937
157926
157913
157903
157891
157881
157881
157870
157865
157862
157859
157839
157822
157820
157818
157812
157675
157671
157655
157651
157086
156983
156438
156420
156359
156092
153065
153016
152760
152753
152736
152005
152002
151919
151457
151457
151452
151452
150211
150015
150011
150008
150003
149250
149250
149174
148770
148714
148124
148119
148099
148011
147991
147973
147729
147289
147028
146887
146743
146684
146362
146218
146215
145284
145282
144951
144883
144797
144789
144447
144199
144160
144149
143401
143398
143396
143395
142161
141351
141320
141153
256334
256121
255686
255488
255086
255083
255079
254295
254295
254005
253612
253593
253148
252950
251951
251472
251463
251457
251199
250854
249615
248880
248880
248415
247678
247674
247672
247663
246222
246113
245986
245981
245977
245601
245590
245585
245498
245394
245099
245086
245081
244799
244435
244427
244427
243602
243478
243405
243091
242929
242929
242776
242772
242609
242609
241859
241859
241832
241830
241694
241318
241138
241127
240596
240593
240110
239689
239687
239065
238745
238211
238208
237680
237195
237193
236764
236764
236691
236689
236688
236654
235821
235817
235535
235535
235515
235061
234975
234948
234945
234942
234936
234917
234767
234725
234555
234555
234523
234127
234126
234017
233589
233572
233155
232930
232916
232704
232542
232261
232261
232013
231008
230956
230128
230058
230001
229843
229215
229212
228931
228818
228812
228810
228804
228778
228543
228396
228393
228388
228375
228169
228052
227722
227716
227612
227454
227454
227047
226781
226780
226777
226777
226461
225738
225728
225717
225638
225621
225620
225619
225063
225051
225051
224816
224756
224753
224407
224322
224254
223218
223202
223083
222874
222689
222687
222443
221806
221475
221475
221047
221035
221033
220870
220574
220566
220234
220210
220184
220069
219826
219821
219618
219156
219156
218802
218756
218075
217491
217266
216990
216826
216645
216236
215720
215713
215713
215275
215141
215139
215137
215121
214551
213652
213458
212419
212419
212281
212274
212274
211895
211385
211385
211385
211324
211181
210883
210806
210806
210780
210780
210780
210727
210727
210357
209761
208886
208886
208774
208606
208593
208593
208123
208123
207294
207293
206951
206767
206421
206129
205291
204850
204850
204536
204532
204368
204218
204131
204131
309654
309021
308992
308647
308647
308294
307947
307601
307598
307596
307594
307182
306510
306509
306499
306495
305983
305256
304677
304221
304221
304214
304214
303690
303690
302948
302478
302313
302312
302311
301915
301802
301797
301577
301232
301230
301086
300973
300966
300394
300394
300274
299899
299712
299608
298536
298168
297988
297232
297050
296885
296801
296152
296147
294296
293962
293951
291543
291542
291182
291182
290995
290360
289634
289616
289494
289275
289183
288579
288577
288570
288566
288562
287635
287189
287187
287185
286677
286673
286670
286469
286109
286001
284358
284355
284349
284346
284343
284342
284338
284335
284334
284328
284326
284319
284318
284313
284312
284311
284308
284298
284097
284090
284085
283841
283775
283706
283705
283564
283230
283226
283190
281748
281748
281077
281077
281009
280648
280452
280331
279695
279646
279642
279641
279630
279627
279616
279600
279599
279452
278515
278511
278507
278312
278133
277961
277534
277519
277516
277032
276584
276507
275714
275298
274701
274699
274291
274163
273902
273521
273303
272698
272683
272680
272676
271985
271715
271713
271712
271587
271028
270894
270883
270876
269795
269409
269406
269403
269400
269393
269218
267973
266986
266498
266142
265601
265196
264637
263789
263551
263488
263485
263483
263470
263461
263461
262241
262053
261607
261606
261605
261434
260680
260678
260271
260255
259575
259575
259571
259568
259565
259558
258867
258865
258634
258318
257761
257753
257585
257343
257328
257324
257076
257028
368030
367934
367931
367926
366689
366091
364731
364731
363609
362505
361879
361875
361875
361808
360487
360128
360128
360121
360106
359966
359793
359539
359326
359324
358891
358486
358382
358279
356766
356570
353672
352173
352088
352088
351120
349711
349655
349343
349343
349340
349340
349334
349332
349330
349329
349327
349326
348676
348673
348440
347926
346493
346265
345677
345209
345201
345176
344620
344550
342936
341826
341713
341691
341691
341562
341360
341356
341352
341206
340773
340735
339626
339360
338887
338887
338727
338723
338189
337579
337575
336992
336719
336594
336176
335697
335694
335692
335447
334737
334390
333582
333578
333577
333011
333004
332666
332424
331714
331714
331707
331707
331700
331697
331694
331689
331206
331201
331194
330047
329225
329201
328560
328225
328058
327765
326759
326653
326210
326209
325499
324791
324743
324258
324258
323582
323567
323191
323191
322632
322490
321876
320851
320841
320841
320836
320836
320739
320736
320671
320671
320348
319600
319598
318831
318827
317260
316260
316176
316132
315492
315247
315060
315060
314951
314757
314570
314561
314105
313645
313608
313602
313601
313105
312915
312915
312913
312913
312894
312430
312120
311321
311318
311318
311138
311134
310726
434346
434346
434156
433660
433400
432456
431553
429573
428974
428921
428755
428516
428513
428495
427071
427071
425828
425782
424232
421758
421758
421644
421644
421408
419936
419717
417889
417884
417884
417498
417493
417131
417125
417122
417118
416527
416435
414430
413869
413766
413668
413662
412464
412448
411222
410222
410070
408380
407046
406638
406637
406083
406083
404869
404770
404557
404452
404424
404110
404054
404046
404046
403472
403463
403453
402119
398914
398911
397210
397204
395907
395700
394691
394691
394691
394468
393662
393138
393138
392382
390380
390359
389924
389785
389130
388663
387819
386284
386284
386261
384995
384824
384824
384771
384766
384486
384276
384050
382181
380112
378890
378188
378102
377787
376916
376911
375971
375963
375951
375928
375882
375140
374684
372256
371227
371173
371170
371169
371036
371036
370007
368743
503374
503319
503204
502783
502765
502627
502002
501143
500567
500534
498513
498226
496828
496686
496684
496019
496019
494658
494658
493845
492459
492419
492398
492011
491983
491544
490699
490694
490609
490542
490511
490091
490088
490064
489909
488883
487721
487654
486824
486223
484014
483022
483022
482200
481362
481362
479781
479727
478844
475640
475307
475248
474011
474011
473623
473543
472997
472188
472183
472138
471144
470223
470141
469543
468851
468769
468769
468722
468283
466297
466167
466167
465778
465145
464172
464165
461450
461445
460857
460083
458772
457712
457712
457205
457191
457183
457177
454723
454545
451870
451386
450739
449591
449315
449311
447174
446912
446660
446649
446645
446641
446636
446632
446626
446626
446622
446536
445551
445440
445434
445256
443640
443452
443018
443014
442518
442024
441096
439654
438281
436846
435602
562067
560880
560880
559929
559929
559780
559505
558625
558504
557666
557532
557427
557105
557105
554413
554310
552843
552172
552172
551800
550611
550310
549870
549867
549858
549784
548849
547975
546471
546471
545570
545517
541611
539217
539214
538129
538084
536814
535459
531793
531759
530322
529207
527689
526523
526516
526011
526007
525874
525591
525591
525412
525295
524457
522733
520684
520612
520266
519946
517985
517984
516299
515580
513773
513043
513009
510442
509162
509094
508980
508875
508570
507348
507348
507234
507234
506972
506053
506037
504092
654820
654081
654081
652362
650533
650533
650300
650144
649225
646845
642354
640012
637400
636591
636591
633347
632259
628829
625085
623182
623120
622653
621846
619993
613516
608198
604200
602313
593491
593399
593390
593387
592276
592174
592073
591933
591923
591917
591909
591094
589620
588458
586705
584522
581431
578535
577420
576370
572914
572914
568304
568128
566858
566825
566459
566072
565241
565111
564882
564586
563832
563444
563441
563250
562948
562373
562373
794508
792813
792813
790764
788536
787767
787760
787626
787517
785950
782461
781470
781463
780940
780809
768928
764978
762855
762855
757458
755669
755541
755459
754987
754327
753865
752929
752873
752835
752757
752624
752587
751604
751580
751579
751579
751414
751235
748975
748910
748861
748684
748616
748473
747261
747022
746915
746904
746896
746840
746803
746685
746671
746666
746664
746633
746629
746500
746438
746376
746323
746310
745684
745112
743909
742803
742803
740921
736493
732550
726752
726752
724239
724239
723253
723253
722182
715999
713159
708126
707444
704573
701432
696209
695694
694310
692908
692882
692853
681526
681105
681059
679261
679261
673775
666325
666043
664345
664345
664335
664330
661550
661003
660973
957470
957466
952154
951160
928622
926192
926177
924384
924384
916156
914412
909981
908489
908349
904115
891762
891760
888600
887634
885135
884165
876155
875033
875031
864358
863999
863854
863847
860568
854260
853314
852116
845356
838854
836184
834555
834112
831526
831490
831114
827030
822831
822722
822422
819114
813997
813948
812918
809415
801700
801142
800888
800868
800839
800570
800547
799598
799590
1210755
1210483
1210483
1192188
1187789
1187789
1186265
1178705
1177625
1170123
1170123
1160907
1149673
1133903
1128146
1113063
1100603
1100603
1074415
1067418
1063105
1061998
1061878
1060667
1055488
1052882
1052217
1035825
1025008
1022054
1022054
1015902
1007210
1006186
1006186
1005351
1005350
1003957
1003957
999903
998088
998043
997202
996448
990673
988456
981898
981897
981896
981894
976924
975307
973011
970409
963783
1327202
1519763
1373648
1406968
1407624
1410689
1444476
1276103
1287084
1287084
1513484
1544409
1276103
1418494
1258486
1285041
1293746
1317633
1495341
1365017
1555816
1426833
1477347
1493340
1347363
1363014
1366587
1373648
1415013
1479193
1623515
1670255
1848265
1891772
1917296
1576054
1584307
1576049
1599974
1623514
1641783
1779797
1576051
1576054
1581187
1581192
1589604
1667665
1675938
1685996
1576049
1621471
1621472
1675966
1849479
1890140
1593102
1709662
1711165
1729674
1783239
1644581
1726739
2009008
2115789
1985661
2051015
2213276
2004219
2045747
1998794
1976501
2375553
2018599
2334896
2375553
1977692
2147437
2115789
2003316
1976521
2166528
2232333
2331403
2182294
2246141
2115791
2119773
2005704
2102297
2051015
2334896
2362881
2115791
2004219
2319394
1985458
2218914
2341596
2362881
2341629
2757387
2490993
2575630
2510537
2688452
2722353
2492523
2463196
2517651
2493070
2782829
2430108
2534377
2804190
2492531
2660920
2492518
2492590
2624752
2718829
2824171
2617539
2502597
2492525
2722353
2502597
2750719
2536445
2507500
2524682
2624749
2707912
2492569
2595728
2492516
2534584
2490993
2624752
3050273
2903656
3362400
3161531
3144829
3111781
2994416
3418292
2982748
3112290
2903656
3248800
2994416
3362401
3077301
3030978
3362401
2933303
2982748
3161531
3388402
3008502
3030372
3349771
2960519
3070387
3231969
3050273
3362400
3840198
4296418
4265369
3827707
3846035
3717484
4055803
3982805
3846035
3834921
4018009
4226611
4055803
4296418
3642248
3986857
3662391
4146596
3986905
3811783
4138173
3986905
3736682
4317315
3556419
4018009
3769427
3709488
3603237
4055894
4114520
4331660
3827678
3717484
4331660
3652761
4112803
3736682
4146596
3599453
3769427
4037715
3622036
3556419
4728348
4946896
5003482
4945000
4957654
4823745
5286885
5003110
5098652
4955803
5250151
5098637
5161651
5003116
4727981
5250404
5140646
5029322
5031179
4728348
4794812
4449869
4867702
4584881
5003117
4553413
4652136
4791713
5092043
5161651
5105218
5253916
5061707
5054360
5253916
5019072
5138318
4946936
4974939
4823604
4385811
5186386
5251439
5263975
5219873
5311248
4810544
5338604
5084838
5067426
5286834
5019072
4799511
4922479
4385726
4426166
4426166
4397754
4727981
4946935
5140583
5108543
5003484
5243278
5290578
4475381
4852669
5310112
5250151
4873943
4946937
5003118
5201447
4617053
4866162
4852652
4749049
4407133
4377497
5098529
5331748
5286954
5230911
4385755
4858620
5306250
5013224
5303169
4838095
4791712
4946895
4385771
5031376
5339043
4652136
5263975
5098467
5290578
5219896
4922480
4873927
4924546
4867688
4866163
4951428
4955811
5108565
4859987
4912011
5375940
5788476
5670949
5396776
5942448
5894468
5445195
6017081
6025414
5719833
6177002
5996373
5881923
6202267
6011928
6036268
5996214
6036271
5896385
5563039
5843070
5996335
5996373
6210742
6011951
5808310
6011805
6076856
5938993
6131484
5893333
6036268
5795619
5900511
6036271
5996347
5672723
5620587
6202342
5962723
6185445
6176705
5829617
5852968
6142284
6135580
5488571
6033592
5821710
5644586
5695364
6025427
5996214
5633709
6169116
6167285
5573410
5620649
6143032
6191882
6202252
5548180
6142282
6142286
6033592
6156920
5586810
5696116
5832721
5440576
5440576
6131503
6069083
5825559
6092453
6092453
6142978
6169116
5708570
6177211
5691027
5531532
5843070
6142275
5821687
6076900
5396776
5942410
6202316
6131484
6156918
5967046
6106949
5607727
6154420
6177062
6210684
6176674
5842969
6202211
6202299
5864951
6153182
5793065
6202245
5409685
5820703
5825559
6157602
6199283
6176804
5633710
6156904
6176830
6176730
6141478
5864919
5864408
5821684
5821684
5821687
6030544
5942410
6202266
6069083
6106201
6037704
6017081
6025427
5754516
6145451
6157602
5697072
5612275
6064624
5967077
6141412
5596175
5375941
5942448
5821949
5636738
5996347
6176798
6011872
6180550
5563039
6185445
6141438
5996335
5864879
5935385
5489249
6202277
6202198
5956972
5880065
6156908
5586810
5938993
6142265
5445160
6025414
5670826
6167248
6127143
5829617
6011867
5849574
5829462
6157901
5821710
6202177
5375932
5445195
6023404
5350320
5690994
6144474
6127143
6017951
6011849
5865553
6141429
5935385
5595588
6156897
6131503
6037732
6156865
6202254
6202369
6157901
5488680
6030544
6139636
5929472
5662236
5759530
6210566
6191866
6202274
6176648
5343961
5350082
5758235
5949107
5842969
5896122
5904549
5784853
6020208
5900511
6212466
5636738
5949107
6176870
6176965
6176886
6011770
5896408
5829462
5881923
6011835
5832721
6141493
5795380
5795570
5991152
6210833
5852968
