6142978
2459139
4702227
4702228
4688919
6011928
6597657
4730396
6176798
5098529
6176804
3011109
2390055
5286954
6011951
2722353
2933302
2933303
6143032
6176830
5105218
2722372
2933317
4037715
4922455
6176855
2948706
6176870
5922918
6143087
6176886
4742777
4616833
3738245
6498449
5551762
5665954
3474087
2930345
3134124
4300460
3134127
2162357
1976502
1976511
3895999
2617537
6176965
4553419
5092043
6574798
6574799
6574800
6167248
6574813
2766557
6574818
6574819
6574824
6460137
6177002
5991152
5612275
6167285
6460158
2648318
2369793
2564353
2027271
3611913
4648716
3611928
6148888
6139164
2834717
6051104
6177062
5793065
5607727
6148913
2888498
2210612
5108543
5230911
2578247
5820743
4746574
5186386
5108565
5285719
4974939
6146400
5697379
6153064
5846890
2112878
3874163
6153076
5088633
6146425
6011770
6196606
6153092
6176648
5531532
2460557
6497172
6153112
6153118
3519392
5222818
6176674
2551207
5834667
5350320
1985458
5286834
3023802
6177211
5049277
2348477
4385729
6176705
3030982
6011849
4385745
2469845
4385750
3031001
6176730
6011867
2844637
6011872
4385762
5098467
6153187
2140645
5286885
6153188
2708456
4385769
4046827
6257136
3340784
6157808
6199283
2822645
6177272
3827707
