262144
3735563
5832721
458772
491544
5865505
360487
557105
163901
622653
163904
163908
163913
163916
163920
5865553
2392146
163924
327765
1015902
360543
262241
163945
163950
163953
1736827
229503
327811
721035
852116
163994
163996
164000
164004
164006
524457
164010
164015
6553778
164021
164023
164025
164028
753865
4849890
164078
327982
196921
196931
196960
328034
196965
557427
2425206
328058
196990
229758
164226
164227
164228
196997
5243278
885135
1966508
164269
164279
393662
164288
164298
491983
164304
1311184
229843
164311
229850
557532
164319
164327
1081832
164331
492011
164337
885238
164345
164349
885245
164360
623120
328225
164391
164399
164414
3801673
3801674
623182
164433
164439
229980
3474013
557666
164460
230001
2490993
164468
5636738
2196118
754327
230051
230058
197297
2097844
197301
197307
787141
5112523
492260
230120
230128
361246
492347
230225
230229
230233
230235
164707
4031334
164713
492398
426863
328560
951160
230272
492419
230278
230285
230291
492435
2163607
638448
492459
230328
492494
197586
426967
426969
3015644
525295
197619
164856
4490260
4490261
918550
3834921
427058
525372
787517
427071
525375
5440576
3769427
525412
3736682
2622601
6456467
2426013
787626
197810
165042
754880
6030544
394468
754931
591094
722182
165142
525591
165146
165150
263461
754987
263470
787760
460083
296247
787767
558394
296251
263483
263485
263488
853314
263491
263496
197966
361808
197969
197974
263510
197980
197981
197982
197987
296303
296308
296313
263551
296320
296328
361875
361879
165282
165285
558504
6292905
5277099
3966381
787903
394691
165316
2688452
165318
198102
361943
198106
329201
787955
198132
198133
525817
198148
493062
329225
2524682
329227
198156
2491933
558625
230951
230956
165423
525874
165428
165438
165440
165443
6325830
165448
165454
165461
165468
231008
165473
198247
231015
755306
263789
165490
165494
4180236
165497
1410689
165506
198280
198284
165521
165523
165526
165527
165531
165532
198303
165536
5310112
198306
165539
165538
165544
165549
165550
165552
165553
165555
165556
165558
526007
165566
165567
231105
1410754
165573
231109
1584307
165577
198347
165579
198350
165586
165592
165593
165596
165599
165602
165603
165606
165607
296678
198377
558822
165613
165614
198386
165619
231162
165632
755459
165638
231177
165643
165646
165651
231192
4720409
165658
231195
198436
198439
198440
165671
198445
198446
198447
165678
165681
198450
165677
198452
198456
198465
198469
3016526
952147
755541
952154
296801
231304
3671970
3671971
5670826
5834667
296885
591798
5375932
5375940
5375941
755669
4294628
4294643
362505
591909
5670949
591917
591923
788536
460857
591933
428111
297050
2492518
2885735
2361448
2361449
2361450
2492523
3082348
2492525
2492531
2361466
2361467
2361468
2361469
2361470
2361471
2492540
592027
2492590
526516
166073
526523
592073
1848265
231643
5900511
854260
2427131
3606786
297232
493845
198940
592174
166195
723253
198966
198970
198973
330047
198977
198979
166212
198981
198983
198984
198987
166220
198989
166222
198990
198991
198994
166228
198997
166230
199000
199001
166234
199002
199003
199005
199006
461151
3388402
166242
199012
166246
199015
166249
166253
166256
199024
199026
199029
166262
166264
199032
166268
199036
166270
199040
2263427
166276
199045
362884
199048
166284
199055
559505
199059
592276
493986
199090
395700
199093
4426166
166327
166333
264637
625085
166338
166344
166345
428495
166353
199127
199130
428513
428516
199141
166374
199142
199145
166378
199146
199148
199150
199151
166384
6064624
166390
166398
166406
166414
166419
166423
2918936
166429
2918943
166433
166435
166439
199208
166443
166446
166449
166450
2722353
199222
199235
2722372
199237
199242
592460
232013
199250
3115611
3115612
2820703
199271
1444476
166527
395907
461445
3738245
166537
461450
199309
2493070
166544
2067104
559780
199335
166567
166570
199345
166578
166581
199350
2722485
199354
199359
199362
199365
821958
166600
166607
428755
166615
5343961
199387
1477347
199398
166630
1149673
1673961
199405
166638
6294255
199408
199410
166652
166661
232198
166663
232201
166669
232207
166672
5311248
232213
232216
3050273
5573410
166691
559929
232261
5999435
2001742
494416
887634
2231123
2231135
232304
428921
723835
3181455
166800
3181456
5409685
232350
494499
4852652
854957
428974
5049277
4852669
215526
625615
265196
199670
297979
5409791
5409792
297988
2264070
691219
215540
4688919
298024
3378227
298042
494658
855128
363609
232542
1018981
1576049
1576051
1576054
1969273
658558
167041
461964
822422
298168
5967046
1674452
5967077
2624746
2624749
2624752
232704
757007
724239
199963
199969
1641783
199997
232766
199999
527689
265601
757122
4951428
1084805
1084806
232858
232862
232877
232881
232883
232884
331194
167355
232895
331201
822722
232900
331206
6491607
6491610
593387
3739115
3739116
593390
593399
200189
167421
200192
2362881
200197
429573
298536
822831
560690
593458
1052217
593491
265823
167528
462459
2526844
2526858
2297493
200350
2297509
200378
3083963
233155
757458
4296418
404557
560880
2166528
167685
5672723
888600
954140
200477
6131484
200479
1347363
200486
200495
6131503
6131514
528187
167741
167752
167755
167757
167759
167761
167764
1917296
4558685
4558700
200567
397204
397210
266142
167839
397215
167844
331689
233388
331694
233392
331697
331700
233399
167866
331707
167868
233404
167871
233408
331714
167876
167881
167894
167896
167897
167899
248297
167905
167909
167911
167922
167926
167929
167946
757771
2232333
167954
167958
167961
167973
167988
167989
364609
364622
364630
233572
233576
233589
233594
6033546
200877
168111
168113
6033592
6033593
364731
1052882
1544409
790764
266498
1249543
5935372
6328595
5935385
2461998
5607727
725310
168281
168283
4723040
2003316
6459767
463234
496019
168342
364953
168350
168356
168364
1249714
430522
168390
201161
201162
168396
201177
168409
168415
168420
266724
201195
201202
201203
168434
168442
201212
168445
168448
365060
365063
168457
168462
168464
168468
168471
1479193
234017
6230562
4231740
6230601
4231760
299608
266846
332396
692853
299647
594559
299652
332424
299661
234126
234127
692882
2396830
3248800
1675938
299683
299686
692908
299693
299694
299699
299703
299706
1675966
299712
168642
168646
299718
168651
168653
168664
168667
168668
168671
1413864
6460137
234223
6460158
2331403
2757387
267033
201501
201504
6427433
201513
201516
168755
529207
201528
168762
168779
201564
201569
332666
299899
332670
332677
3642248
3642249
562067
758679
562094
2003941
201719
168960
2102297
4475381
234523
201757
168999
234537
627754
496684
234541
496686
169005
234555
2856003
398423
2888796
463974
496744
496759
496761
2430108
496828
562373
333004
333011
791768
234725
300274
2004219
234767
3839261
464165
988456
988457
5575976
464172
234822
234823
234825
234828
234833
988500
988501
300394
234860
234861
234864
234865
234876
2168192
4265369
234917
234936
234942
5019072
234945
234948
2463196
234975
660973
5445101
366091
759307
661003
300562
562721
5445160
235061
398911
398914
562754
5445195
1709662
398943
5445223
235124
235127
6559362
169608
202401
169634
169638
5084838
202408
2299563
169644
169645
235189
235191
235194
235196
235197
235200
267973
235206
2561733
235210
235221
6428377
726752
202480
169727
169729
562948
333577
235274
333578
333582
2922267
5969706
235307
3020593
1349431
6264633
1415013
6264680
202603
202605
530322
300966
5314476
300973
5543857
923576
300992
366551
2824171
301036
1710060
301040
6199283
202744
202747
235515
301053
235519
202752
301059
1513484
235535
2758673
301075
202773
170011
170012
301086
202786
301093
694310
1644581
661550
170031
170033
563250
170035
170038
170041
170043
170048
170068
170071
170074
170076
628829
170079
366689
170083
170085
1022054
170095
170102
628859
628863
628866
170115
4331660
170134
6559898
268450
170148
5904549
301230
301232
170161
170164
694453
170171
170173
170177
2398402
3840198
694473
792813
170223
563441
792818
170227
563444
170229
465145
170234
6002963
268566
268572
268574
268575
235817
235821
4626734
4495666
4495679
432456
6560080
235861
235863
2038105
235866
235886
5380486
596414
6232513
3709378
1186265
170460
170463
170467
4794812
170493
170497
301577
170517
203308
3709488
203313
498226
4823604
334390
2660920
203321
203323
6494780
203333
432713
3676747
2726485
498286
563832
203388
203399
334482
301721
1317536
4397754
4823745
2005704
6167248
203485
924384
5029322
4859987
301797
170728
170729
301802
170732
170740
6167285
170742
334583
1055488
1317633
3161531
563985
334611
334612
334614
5708570
203550
334622
203552
334627
203555
334629
203556
334631
334632
6036268
6036271
203568
236340
203572
236344
203577
236346
203581
203582
1284926
203584
203585
203589
203594
203599
498513
203604
203606
170838
170839
170842
301915
203611
203612
170845
170847
203616
6069083
203622
203626
203631
891760
465778
891762
236409
203644
236412
236417
203650
465794
203661
2595728
334737
203669
203672
4004760
203678
3054495
269218
3054498
203685
1285030
1285031
3677096
203689
203691
1285041
3677107
1285046
170947
3349460
170966
170967
2235406
171023
5839896
957466
957470
2926214
171052
1711162
1711165
1186891
269389
269393
6593618
4037715
269400
269403
269406
269409
5250151
236654
4922479
4922480
171129
564345
171133
302211
6331533
236688
236689
236691
171203
171205
171209
171216
171217
171219
171221
171225
236764
4562150
302311
302312
302313
466167
433400
1653579
171285
3611928
171293
269606
531759
269619
367926
171319
171322
367931
2497853
367934
171330
171339
171342
531793
171354
204131
5250404
236901
400743
564586
466297
204169
204174
302478
695694
1711503
204178
269717
1711509
204183
204188
368030
4791712
4791713
695715
368046
204218
990652
6495684
6495685
269775
269777
990673
269795
1056230
433660
269831
269837
269842
269846
499234
5578278
204338
335418
204347
204348
335422
204351
204368
335447
925289
302710
237193
237195
564882
827030
4955803
3523578
4955811
4300460
2498257
204513
433902
204532
6233845
204536
2465563
6135580
663327
2957098
5938993
761652
171831
171835
171848
171849
171851
335692
171852
335694
335697
171858
171860
302948
3022695
171880
565111
171904
171907
171910
171912
794508
1253263
1253264
696209
4824982
5054360
1187789
237537
2334691
434156
204804
172043
172051
172055
172062
172065
172070
172073
172080
204850
172095
172096
237632
237635
237636
237638
237640
1220681
172111
467030
172134
368743
237680
4432002
1581187
3514500
1581192
434346
1908909
2334896
5808310
336064
368837
6037704
6037732
172288
2564353
172290
172296
172298
172301
172304
172311
1057048
1941785
1941786
5644586
205100
336176
205107
303418
172363
565603
205156
5251439
336267
4399502
860568
467393
172503
205280
926177
205286
205291
926192
205297
205301
270844
172554
270876
6169116
270883
205352
205356
270894
303664
303675
303690
205392
303696
205400
303704
303707
205407
6529634
205411
205416
205424
205429
205436
238208
205441
238211
205446
205453
238227
205461
369319
271028
5350082
402119
336594
2400995
565998
5612275
4858620
303878
303880
303881
664330
303883
303887
664335
205587
303893
205592
664345
303899
303901
303903
205601
205612
205617
303925
205622
500534
566072
205627
205633
303938
6202177
303943
238415
238416
303951
336719
5186386
303958
500567
6202198
303967
172896
303969
172898
6202211
303972
205669
205674
303978
303982
6431599
6497135
172912
205679
303986
303991
303992
303995
303997
172928
6529922
6202245
6202252
6202254
304019
304023
6202266
6202267
304029
4727713
304034
6202274
1680292
6202277
304040
1680297
1287084
304048
5350320
304053
2433975
304056
3023802
6202299
304060
304063
304064
6529986
304069
304070
304073
6202316
304077
304079
304084
304085
304090
304092
304094
304098
304101
6202342
762855
304105
304108
304109
304112
1025008
304114
304116
304117
304119
304122
304127
304129
402433
6202369
304139
6562828
304140
304146
304151
304154
4465694
304159
304160
304164
435241
304170
173116
2926215
173130
173131
173138
205908
304214
205914
304221
336992
173162
369790
4924546
5678236
4727981
566459
4138173
206028
173261
173263
206039
206042
271587
1418494
4138246
173337
304420
206129
468283
370007
271712
271713
173410
173411
271715
173413
173416
173418
2565484
173424
2565495
2565501
271746
271755
435602
501143
5186971
3679672
5875128
239039
632259
370119
370122
2237899
2237900
2237902
2237908
4957654
239065
173538
206335
4728348
5219873
304677
566825
435765
5219896
271932
1058373
1058374
2500165
566858
206411
271947
206421
468571
206429
2500191
4630111
468578
5351013
271985
435826
239222
403070
173698
2926216
1549980
337575
337579
5875382
337599
468673
468677
468682
468705
468722
239348
272129
468769
2926371
2926387
304948
239415
239419
173897
173898
173899
173900
173901
173902
173903
173912
173913
173916
173917
337759
173921
141153
337763
468851
305024
1636817
206767
2009008
174021
6039495
141257
1386443
2336723
2336724
141280
141289
141292
141295
2467831
763900
403453
174078
174081
403463
141320
403472
5842969
141350
141351
141355
141359
141364
174135
174137
174138
174139
174140
174141
174142
174143
141372
174145
174146
141378
174148
174149
174150
174151
239687
174153
239689
174155
174156
436300
174158
174160
174161
174162
174163
174164
141396
1779797
174167
174168
174169
174170
174171
174172
174173
174174
174175
174176
239713
174177
174178
174179
174180
174182
206951
174184
174185
174181
174186
174188
174187
174189
174191
174192
174193
174194
174195
174196
174197
174198
174190
174200
174201
174202
174203
174204
174205
174206
174207
174208
174211
174212
174213
174214
174215
174218
174219
174220
174221
174222
960651
174225
174228
5548180
174231
174234
174238
174239
174241
174242
174246
174247
174250
174251
174253
174254
174255
174256
174257
174258
174259
3418292
1976501
174262
174264
174265
4008126
1976511
174274
174275
174278
1976521
174283
174284
174296
174298
174299
174301
174303
174304
174306
174308
174309
174311
174312
174313
174315
174316
174317
174319
174320
174322
174323
174324
174325
174326
502002
174328
174333
174334
174335
2369793
174338
174341
174343
174345
174347
338189
174356
174357
174358
174361
174368
174369
272676
174373
174375
272680
174379
174380
272683
174383
174386
174389
174390
174392
272698
174395
174397
174400
174403
174406
174411
2566475
2566476
2566477
174415
174420
3523589
174425
371036
174445
239993
174459
2664829
239998
240002
174467
240003
174469
174472
305548
305554
207254
174487
2337179
174495
1943967
174500
174504
174506
174508
141745
174516
141749
829879
141753
174521
666043
174524
174525
207293
174527
141759
174529
141761
174528
141763
240063
207294
174535
141768
3811783
141771
141774
141776
141778
174547
6367701
141781
141782
174552
141784
141786
207324
141789
141791
207327
371169
141794
371170
2501087
371173
141799
141802
141804
240108
141806
240110
141809
141812
207356
1059326
633347
371227
469543
207410
469555
404046
404054
174686
436846
174710
174715
2435713
2435714
174724
174725
174728
4696712
174730
174731
174732
404110
174734
174736
174737
404113
4401811
141980
174750
141988
4401829
141992
174771
207540
207545
666297
174781
174783
207552
174789
174790
207560
142033
142035
142037
666325
174811
928478
1977055
174816
174820
174827
174832
174833
174834
174837
174840
174843
174845
240386
240387
174852
174855
174857
5778186
5778187
240398
174871
5253916
338723
338727
240423
404267
174892
174895
174896
174897
174898
174901
3779381
174903
240440
3779382
174906
174907
3779390
240447
174912
240449
305983
568128
174916
174921
338765
174926
174927
174928
174929
142161
568144
174933
174934
174935
174940
174941
174945
174946
502627
371556
174948
174951
174952
568167
568169
174956
174957
404334
174959
174960
928622
174962
174963
174964
174965
174968
174970
568187
174972
174975
174979
338820
174983
174988
568206
174991
174994
174996
174997
568214
273303
174999
175002
175003
175005
175008
175009
175010
535459
175012
5385120
175016
175017
175020
175021
175023
175026
5286834
175028
535477
535478
175031
175033
175035
175036
175039
207808
175040
240579
175044
338887
175047
175049
404424
4336586
175053
240590
175055
175056
240593
240595
240596
175062
240599
175064
175065
175067
4336604
175069
175070
175071
175072
2534367
175075
175076
175077
175078
404452
5286885
2534377
2534378
175083
502765
175087
207855
568304
175092
175095
502783
175110
175116
175122
6597657
175130
175132
175135
175137
175138
175139
175140
175141
175142
5319715
175145
5286954
175147
764978
142397
142398
142399
142400
273471
142402
142403
142404
142405
142406
142408
142409
142410
142411
142412
142413
142414
404552
142416
142417
142418
142419
142420
142421
142422
142423
142424
142425
142426
6106201
142428
142429
142430
142431
142433
142434
142435
142436
142437
142438
142441
142444
142447
273521
142450
142452
142454
142455
142456
142457
142458
142459
142460
470141
142462
142463
142465
142466
142470
142474
797834
5942410
175245
175246
142477
142482
5942448
175281
2534584
142529
470223
142551
1891772
208123
175356
3070387
175366
175368
208141
175376
404770
208164
175416
208188
306495
306509
306510
175452
1977692
404869
273820
339360
273825
503204
273829
273830
273831
273847
1387969
6237669
241127
273902
241138
2338306
503319
4730396
372256
1289790
6237766
503374
5811804
863847
863856
208504
831114
2338449
3845782
241318
339626
6237879
6434492
208593
208603
208606
208607
208614
274163
6139636
208633
208634
274169
208637
208638
863998
863999
864000
208647
208653
208658
241440
241442
6238010
1060667
6106949
5353322
274291
208766
634751
208774
4665224
176016
339857
634768
3846035
339860
339861
700310
6238116
6303665
3026884
2502597
3026885
438215
700362
208865
510442
208867
4993005
307182
307189
208886
176130
831490
438281
6271003
241694
143395
143396
143398
831526
143401
208939
3125295
4337714
241728
831557
4337735
864358
471144
2960519
1519763
209052
209056
209061
241830
209063
241832
209066
6271147
274604
209070
274606
209073
274612
274613
274616
274619
274621
274623
241859
143558
209096
602313
3289293
209105
6271188
4337876
4337877
241889
766177
536807
536814
2994416
1192188
2142460
274699
241933
274701
241947
504092
864543
864546
438566
405804
405807
1192244
405814
4600131
274768
6533466
6533467
242018
504162
602502
307594
307596
602509
307598
307601
1680296
340399
2568627
209369
4370907
176633
176639
176644
176648
307723
176652
176654
176656
307728
176659
176661
307733
176665
176668
176672
176680
176683
176687
176690
406069
176695
406083
176713
176718
176721
4207226
275070
373398
2601623
6566582
5092043
307919
307922
1031624
307947
340735
144149
144157
144160
340773
832314
2143034
144199
209750
439127
144221
144225
275298
308067
144227
144229
209761
799590
308072
242536
209770
308075
144235
209771
308078
144238
209774
242541
209775
242545
209779
799598
209782
209786
209789
209791
6206358
799661
242609
1946556
668605
668618
6435789
1061861
1061878
1258486
701432
144379
144380
2536445
144384
144385
144388
144390
144392
144393
144396
144397
144400
144401
144403
144405
144408
144409
144410
144411
144413
144414
144415
209951
144418
6435876
144422
308278
144447
308294
472138
4764753
242772
4764756
242776
242779
996448
242789
144486
242791
504933
144491
406637
406638
1061998
144496
144500
472183
472188
373898
144531
6436022
4699330
963782
963783
865480
341206
242929
275714
177430
177435
439654
341352
341356
6337900
341360
210288
210290
210292
210295
210296
210298
210300
210304
210308
210311
210314
4994444
6567310
210318
210321
243091
144789
210326
3487125
210330
144797
210339
210341
308647
243111
210346
210347
210349
177582
2307504
210355
210357
210358
210363
210368
636353
3913154
210372
3913157
1783239
177616
177621
538084
6141412
177641
177647
4994544
144883
177652
144885
177654
177655
177656
4994548
6141429
177661
6141438
177666
177667
144901
407046
3913222
177674
177676
177679
538129
3913234
177683
177684
177687
177690
177693
177694
177695
6141478
6141493
144951
144952
177721
341562
177723
177726
177727
177730
177732
308806
177734
177735
177736
177737
177739
177742
177744
276051
177748
144982
276057
276059
177758
177760
177763
177766
177767
177768
177769
177772
177773
177774
177775
3815022
177777
308850
177779
177780
177783
177784
177786
177787
1980029
177791
3815046
177803
177804
177807
177809
5551762
177811
177814
177815
177816
3126937
177818
177819
177821
177824
177826
4961962
636591
177847
341691
210624
210626
210627
177863
1160907
177868
243405
341713
1128146
341715
210643
177876
210647
210650
177883
177902
308992
177925
243478
309021
800547
800548
210727
309031
309039
571184
2045747
800570
800576
341826
5846850
177989
3946320
997202
178005
5846869
3946330
210780
5846884
5846890
210806
145282
145284
341893
538503
243602
374684
472997
276407
604088
604092
210883
5978073
964597
473079
276505
276507
604200
800839
3717210
3717213
800868
276584
800888
1849479
145577
145579
6600878
506037
6600887
211131
1063105
506053
5781707
571600
6371540
145626
2144476
571614
5781730
5880065
407851
6142265
6142275
6142282
6142284
6142286
375140
3225958
211305
3717484
801142
211324
4995473
4995477
309654
6076856
211385
473543
637400
5945827
276964
6076900
211432
1685996
440815
145909
145911
145912
211450
145915
211452
145916
145919
145920
145921
145922
145927
342536
145928
145930
145931
145933
145934
145935
145936
1686031
145939
473623
178712
440867
703012
277032
277037
211508
211509
211511
834112
211531
539214
539217
5290578
146028
146031
146035
146042
146045
178815
146047
178817
146050
178823
178824
146058
178827
146061
146063
998043
4569758
473763
178853
178856
998057
178858
6568622
244403
244404
2505398
244409
2505402
244411
244415
6568640
211650
244419
2145732
277190
998088
277194
244427
277200
244435
277218
277221
277223
703216
2341629
277246
277251
277256
441096
6568714
277261
572176
146196
408340
146213
146215
146218
408380
5454661
211787
211789
375636
6568797
703326
211814
211819
211824
6011770
211840
244612
211849
211862
2571159
342936
211869
6011805
768928
211873
211876
801700
3586984
179113
211885
211886
211889
211894
211895
211897
211898
146362
211900
6011835
211904
211906
3390404
211912
6011849
211917
211926
146395
6011867
146397
211934
146399
6011872
408567
834555
6142978
277516
146446
277519
146455
539672
4799511
6011928
146459
539675
277534
146463
146464
244767
146467
146469
146475
6011951
146481
146482
146486
6143032
310330
146491
310334
146495
244799
179269
179271
179273
375882
179275
5061707
179278
179281
179283
179284
146517
146515
146520
146522
146523
506972
179293
179296
146528
146530
179299
244834
244838
146534
179303
179304
179305
146538
179307
146540
146541
179309
179310
146542
179312
146545
179314
146549
146550
179316
375928
146552
146553
179317
179318
146557
179324
146559
179325
179326
179328
179330
146562
179332
474237
179335
474247
179337
507014
998531
179340
179341
179343
375951
179345
179348
375958
179352
3652761
179355
179356
375963
179358
179360
375971
179364
179366
179367
4734118
179374
179382
179383
146616
146617
146618
146619
146620
441532
146623
146624
441537
146626
146628
146629
244932
146635
146637
146638
4734166
146650
146656
736493
244982
146684
244988
244989
3030268
3030271
244993
146690
244996
802080
146732
212274
146740
146743
212281
1555783
146764
146769
212307
146773
146776
245081
146778
3095897
146780
212316
245086
146783
146785
507234
212323
3030372
146789
146791
1555816
146793
245099
245100
146797
245101
146800
146802
146805
179587
146822
179593
179595
146827
179598
179599
146832
179604
146837
146839
146841
146842
146844
146845
179615
179616
146849
146848
146851
179623
146856
179625
146855
146859
179628
146866
310707
146868
1293746
146870
146873
2702777
2702778
146876
3161531
310718
310719
179646
146879
179647
212419
179648
146881
310726
146887
179650
277961
179651
179652
179653
179654
179655
179656
179657
179658
146894
179659
146896
179660
179662
179663
179664
179665
179666
179668
179669
146907
245214
146911
179671
245217
179673
179674
179675
179676
179678
245223
179680
179682
179683
179685
179686
179687
179689
179690
179694
179695
146929
179696
179697
179698
179700
179701
179704
179705
179706
179707
179710
179711
179713
212482
179716
769540
179718
212486
179720
179722
179723
179724
179725
179729
179730
179731
212499
212505
3161630
179743
212511
179747
179749
540205
1031744
310854
310855
310858
310864
147028
310871
310874
310878
179808
310882
310885
310889
147051
310892
310896
310899
278133
310902
179832
179835
179853
179854
245394
442024
179896
409286
409289
409294
409296
5324496
179954
1647152
179958
245498
3769427
278272
278287
278298
278312
245563
245570
278341
245574
278343
278344
245577
278350
278351
245585
278357
245590
278359
147289
4407131
147292
245597
311134
147295
4407133
245601
311138
147298
278371
4374378
5586810
180093
147325
147327
2375553
245637
180102
180103
180104
6176648
180107
245646
5390232
6176674
3981224
3981228
212909
212910
5488571
6176705
3030978
278470
278471
180169
180171
180173
4046805
6176730
212957
212961
146535
3031016
180201
3031018
278507
4046827
180206
278511
180209
180210
278515
278517
278522
311293
212998
6537228
213006
311315
4702227
311317
311318
311321
6176798
6176804
5488680
4898865
540724
442422
704573
6176830
5881923
376911
376916
1327202
147558
4604007
147560
6176870
147564
6078572
475248
4866162
4866163
147572
6176886
147579
442504
409737
180371
442518
180378
147616
147617
147621
147623
147624
147627
147628
147630
245934
245935
147633
147634
245937
245939
245942
147639
245945
147643
147644
245947
147646
4407486
147648
147649
147651
147653
6176965
147656
147658
147660
147661
245968
4407505
147666
147667
213203
245972
147670
245974
147672
245977
245978
245980
245981
147678
245984
245986
147688
6177002
213228
180469
180472
147729
2834717
6177062
147772
147773
147774
147776
770369
147778
147779
147781
835909
147783
147784
147786
770378
147788
147790
147791
147794
147795
147796
1851733
147800
147801
147802
147803
147808
147809
246113
147811
147812
147813
147814
147815
147816
1589604
147818
147819
246123
147821
3096959
3096961
4112803
4800936
6177211
246204
4800959
246216
246222
213458
410070
6144474
6275548
999903
344550
5849574
541174
475640
344569
147973
6275592
147991
148011
344620
2933301
2933302
2933303
180792
148024
6275663
180824
836184
6275681
5489249
148068
148071
410222
148081
148087
3883642
148096
148099
3883653
443014
148105
443018
3883660
148115
213652
148119
148122
508570
148124
148125
148130
148132
2704036
148139
5161651
6275764
213690
213693
213725
2507487
213728
213732
213734
213737
2507500
213743
213751
213762
1917699
213768
6275850
181003
213786
213794
312120
246589
246592
246593
6275933
5620587
3261292
279452
541603
1065891
1000357
5620649
541611
213942
213945
377787
508875
508878
508901
6046699
3523590
6210566
3523594
640012
3523596
279581
279587
279593
279595
279599
279600
508980
279607
443452
279614
279616
3556419
279620
3556420
279627
4408395
279630
3720270
279636
181336
279641
279642
279643
345176
279646
279653
2147437
312430
345201
312434
312438
345209
6210684
279695
2835621
509094
2835623
5260458
1262771
6210742
3082911
476364
214221
476365
214223
312531
312537
181480
3949800
148714
509162
378102
443640
181514
5031179
181517
6210833
181522
181524
5784853
181527
181528
148770
2999615
378180
378188
312653
5260625
148824
148834
378225
312694
542084
1426833
2213276
3720608
4146596
2278821
6145451
5064117
5031376
148949
148950
148951
148952
1623514
148955
1623515
148957
148959
148962
148963
148964
148966
148967
148968
148969
148971
148973
148975
148976
148977
148979
148980
148981
148983
148984
1623546
148987
2246141
148992
214551
149017
149020
149023
443936
149028
214565
149031
214567
149034
4081199
411194
149052
312894
149056
443968
149058
214594
214597
149063
149064
411209
345677
214606
312913
312915
312918
411222
4867688
4867702
280196
2639492
280210
149148
149162
181933
149169
149170
5949107
149174
149175
3688160
771824
149250
280331
146899
313105
182038
280342
280344
6571801
5719833
182049
182053
182056
280363
247627
247633
280403
149333
247637
182127
247663
247672
247674
247678
280452
280456
771977
247698
346012
182202
182205
542659
6571974
673775
149493
378890
182314
247865
247869
280648
215117
215121
182356
182357
182360
4114520
182363
215136
215137
182368
215139
182372
215141
215144
182378
182390
182391
182395
182398
182399
182400
6572184
346265
772301
2115789
2115791
149720
149729
149735
3950823
772329
215275
149740
2279659
2279660
182514
182516
149749
182519
182520
182521
182522
149751
149752
149754
149755
182527
149756
313601
182530
182531
313602
149759
149761
149762
313608
182536
149763
149764
411916
149765
182542
182543
182544
182545
182546
149770
182548
182549
149774
182551
149778
149779
149780
149781
149783
149785
149786
149791
149787
149793
149788
149789
182564
149797
149798
149792
149800
149801
149795
149796
313645
149805
4540721
149810
149811
6375733
149814
149815
149816
149817
149819
149820
149822
149824
149826
149827
149829
149833
6572362
149841
149842
149844
149846
149848
149849
149850
149851
149852
1493340
149855
149856
149858
149859
149860
149861
149864
149866
149869
149873
149877
412025
149883
149884
346493
149891
149893
149896
149900
149903
149907
149911
149913
1067418
182687
149919
182690
182691
149923
149930
281009
3819953
215490
182724
182725
182726
182727
182728
215492
182730
182731
215498
215495
182735
182736
182737
182738
182739
182740
182742
182743
182744
182745
182746
182748
182749
2804190
182751
182752
707039
182754
182757
182758
182759
182760
248293
215530
182763
182764
182765
149998
215535
182768
182769
150002
150003
182772
281077
150006
150007
182776
150008
182778
150010
150011
150013
1821178
150015
150016
150017
150020
182789
182791
182792
182795
182800
182802
182804
182806
215583
215599
215602
182835
182836
477746
215606
182839
182843
215616
182849
215619
215633
150102
2148953
150107
150110
248415
150113
150120
6507138
313999
314005
215707
215713
215720
150191
3852982
477879
543424
150211
543428
1723078
346855
215784
150263
150264
314105
707320
150268
150270
150273
150274
150277
150279
150281
150282
150283
150285
150286
150288
150291
150292
150293
150294
150295
150296
4901657
150298
150299
150301
150302
412448
150305
150306
150307
150308
150309
150311
150312
150313
150314
150318
150319
412464
150322
150324
150326
150328
150331
1100603
248638
179677
248641
248642
445256
1035087
576370
6212466
707444
248695
314240
215945
150410
215951
150416
150415
150419
150420
183189
150425
150426
4377497
150430
150436
215973
215974
150440
215976
150442
150446
150449
1985458
150451
904115
150455
150463
150469
2051015
150474
150476
150480
150483
3722195
150485
150486
4475868
5098467
248820
445434
445440
216082
5098529
314412
248880
1363014
4770907
4770908
445551
1985661
5098637
4672657
281748
2182294
5098652
3165347
3165348
183467
216236
183471
183472
183473
2280631
314561
314566
838854
314570
380112
412887
183537
6540530
2575630
642341
2018599
642349
642354
216374
216379
216383
1133903
6442320
216407
216429
216430
216433
216434
216436
216439
216441
216444
216450
314757
216462
216471
314786
4541872
6016438
6016441
6147526
380359
6016466
183768
249315
5492198
5492200
5492206
183820
3788317
708126
1035825
1035826
740921
216645
314951
282192
282193
183892
183903
3362400
3362401
183908
4804196
2510440
183913
2903656
478844
4771465
5754516
970409
315060
6180550
315086
6311657
216826
216830
970494
249605
1593102
249615
347926
5852968
5852983
249690
249695
479079
315247
1068915
577398
577400
151430
6410124
577420
151452
216990
151457
6410180
315343
217053
413662
3167435
413668
3030269
3035141
184340
184355
2674744
6017081
6017089
413766
413768
446536
217178
315492
315497
184429
184442
217225
217238
446622
446626
446632
446636
413869
6279341
446641
217266
446645
217273
446649
446660
5001414
184524
3231954
217322
3592438
250112
184599
348440
151834
5820703
151840
1495341
184626
1495346
5230911
6410567
5820743
643417
643419
151919
217491
3428755
283060
1003957
283064
446912
152002
283075
6279621
152005
2707912
283086
2946007
479727
283126
348673
348676
283147
283150
512539
479781
283177
283185
250419
250422
283190
315962
250427
283226
283230
283236
5263975
6345322
250486
6345354
6247063
381601
5067426
3134124
3134127
217776
381621
447174
4838095
414430
316132
545517
6247152
316148
6247160
3199749
4739846
316176
5722896
6247187
5427996
906014
545570
5788476
185150
185152
3887949
840526
807765
807766
6345562
316260
316262
6345581
316272
316275
6345617
316309
185240
6017951
218025
6575019
218027
283564
218030
381870
218032
185288
6378458
218075
250854
578535
6378474
513009
4379634
185337
513043
185364
2708504
185369
1365017
185373
185375
250914
185379
185382
185383
185385
185387
185388
185390
185392
185394
185397
185399
283705
283706
185403
185405
185406
185408
185410
185412
218180
349254
185415
185417
185418
185421
185422
218192
185425
185428
185429
218203
185436
218210
185445
185448
349289
185452
185457
218225
185462
218232
349304
185466
185468
349309
185470
283775
349313
185475
185479
414855
185482
185484
349326
349327
185486
349329
349330
185488
349332
185490
349334
185493
185494
185495
185498
3724437
185500
349340
349343
152736
3724447
185508
709807
152753
251062
152760
283841
185558
185563
185566
185570
382181
3429612
3429613
5821684
382198
5821687
5821686
185596
185599
185600
185604
5821710
185637
185641
185650
185651
185652
185653
185654
185655
185656
185657
185658
185659
185660
185661
185662
251199
185665
185666
185675
185679
185682
185688
185694
152930
152938
152940
152949
152952
152954
185736
185737
218506
185739
185744
742803
185748
185750
2020758
185753
185756
578973
185758
152990
152994
185764
152997
152998
152999
153001
3986857
153003
153004
153005
153006
153008
153009
153010
153011
284085
153013
153014
153016
153017
284090
153018
153020
153021
2348477
153023
153024
284097
284098
153025
153026
153027
153028
153029
153032
153033
153034
153036
185807
153040
153039
185810
153043
284116
153045
349649
153047
349655
153049
185818
185819
153052
153051
3986905
1576054
153057
185826
185827
153060
153059
153062
153058
185832
153065
153066
153064
153068
153069
153073
153074
153075
153077
153078
153079
153080
153081
153082
153083
153084
153085
5821949
153087
153088
153091
153092
153093
251398
153094
153096
153098
251403
153099
153101
251406
153100
153103
153105
153106
349711
153108
153109
153112
153113
153114
153115
153118
153119
153121
153122
251427
153127
153130
153132
153133
153134
153135
251438
153137
415282
153138
6575668
153140
6575670
153144
153145
153147
153148
153150
6575680
251457
6575681
6575682
153152
6575685
153158
153159
153160
251463
153153
153155
6575692
153157
153163
153166
153168
251472
153170
153173
153178
153179
153182
153187
153188
153191
153193
153196
153198
153200
153201
153202
251507
153204
153205
153206
218742
5690994
153210
153214
153216
153218
218756
251525
153221
284298
153226
153228
153227
153232
153233
5691027
284308
153237
153238
153239
153240
284311
284312
284313
153241
153244
284318
284319
153248
284326
153255
546471
153257
153259
153262
284335
284334
3370482
284338
218802
284342
284343
153270
186039
284346
153273
153271
284349
153275
153278
153279
153282
284355
284358
153286
153291
153292
153295
153296
153301
153302
1005269
153306
153307
153310
153314
153316
153320
153323
513773
153326
153329
153334
153335
153344
153349
153350
153354
153357
153360
153364
153371
153374
153377
153381
1005350
1005351
153384
153395
153400
153406
1333058
153412
317260
1890140
5003100
5003101
5003103
5003104
5003102
5003106
5003108
251749
5003110
251753
2578282
5003116
5003117
5003118
2250608
218999
219004
2742144
153500
1464231
284586
513962
284593
219061
219063
219067
3954640
546782
3954657
3954658
284681
153619
219156
677943
317506
219218
481362
186455
2119773
2119775
186467
186469
186471
186475
186478
153711
153713
186484
186491
186499
186500
186507
219279
6510739
743572
186517
219293
3987624
2971831
153789
3037374
350399
3037376
3037378
284872
2971852
2447567
973011
5003482
5003484
2218914
1726739
6543642
350501
5396776
3299629
3299630
350532
285006
5790074
153984
153987
153990
153993
153996
154015
154020
154077
154082
219618
743909
3291691
317934
875031
875033
252449
252453
6576687
2480694
1366587
186945
6150726
252488
6249059
1006186
186987
186996
416373
187010
187014
187022
6150810
252583
219821
219826
416435
6544056
187068
1170123
154332
154337
154343
154345
154348
154352
154356
154361
154367
154371
1039108
154375
416521
154378
154382
154383
416527
154385
154387
154388
154392
154393
547608
154395
547609
154399
449311
154403
154404
154405
154406
154407
154408
449315
5331748
154411
154413
154414
154416
154417
2946053
154419
154420
154421
154422
154423
154425
154426
154427
154429
154432
4905793
219970
219971
219972
154434
219974
219975
154435
154436
154437
219979
154440
154442
154441
154446
154444
154445
154447
154450
154451
154453
154454
154455
154456
154458
154459
154460
154464
154465
154466
154467
154469
154471
154472
154473
154474
154475
154478
154481
154483
154485
318326
154486
351095
154489
154490
154493
154494
154498
154502
154504
154505
154506
154507
154508
154511
351120
154512
154514
154515
154516
154517
5462933
154519
154520
154521
482200
154523
154524
154525
154526
154527
154528
154530
154531
154532
220069
154534
154533
154536
154537
154538
154539
187308
154540
154541
154543
154544
154547
154548
154549
187319
154551
154553
744376
154555
154556
154557
154558
154561
154562
154563
154565
154566
154567
154568
154569
154570
154572
154574
154575
154576
154577
154581
154586
154587
154590
154591
3890144
154595
154598
515051
154604
154608
515060
154613
154617
515067
154620
154626
252950
2251798
220184
220210
384050
449591
908349
187465
220234
6020208
187506
187508
187510
187513
187515
285823
187521
547975
187532
613516
613524
613539
613546
613548
908489
253146
253148
482542
5201170
5725459
384276
5758235
187685
187688
3267880
187690
3267881
187695
286001
187699
187701
187724
679261
417118
417120
417122
417125
318823
318827
417131
4250989
318831
187779
4251021
4251022
187794
187796
187798
220566
286109
220574
187811
908729
548310
548315
384479
384483
384486
318952
187893
187895
187897
515580
187909
187910
187913
908812
187917
187921
187931
187936
2645541
2645542
1760823
2645572
6282854
1007210
4251255
319096
4742777
876155
253571
319117
745112
253593
6053529
188061
188064
188066
5201575
253612
220870
253639
4873927
483022
351952
417493
4873943
417498
384752
384760
384766
384771
286469
614160
188213
581431
384824
5332814
6578006
352088
352094
221033
221035
221047
3530618
352128
548738
3530632
3530645
1984785
352173
810928
352180
352184
2252737
286670
2252752
286673
286677
384995
2940904
548849
319478
319485
548866
319493
319495
221192
319497
319498
319499
155672
155675
2940957
221223
221225
221226
221228
221229
221230
221232
221236
254005
221241
221243
3289312
581700
2941003
6578261
581718
417884
417886
417889
221293
319598
221295
319600
221297
221299
221300
221304
286840
3694712
221307
221308
4317315
188558
188561
319635
188564
319638
188567
188568
745627
188573
188576
188590
188591
6348976
450739
155834
680124
155838
745669
319686
155858
745684
155863
155867
155872
155877
6217960
155916
221453
155918
155919
155921
221457
155923
155927
155928
155930
155932
155933
450845
155936
155937
221473
155939
155940
221475
155942
155943
155944
155946
6480172
155949
155952
155954
155957
155958
155960
155962
155964
155967
155968
155969
155971
155975
155977
155980
155982
352594
155987
254295
155992
155996
221535
156000
254308
156005
156006
156010
156013
156016
713092
156092
2777537
5595588
713159
975307
549324
713168
6545873
287185
287187
287189
287196
3236320
6185445
5628440
188956
188963
2286118
5759530
3662391
156227
320069
6185565
582249
221806
909981
5563039
287406
484014
484017
189119
549567
156359
156367
156377
385755
189148
189151
287457
287460
189160
156410
4055803
189180
189185
156420
189190
156438
254748
254763
451386
189252
746308
746310
746317
746323
4055894
320348
3040117
3040132
189317
189319
746376
287635
549784
287648
746437
746438
254920
615373
6022096
6153182
5694432
549858
549867
549870
222200
222204
5825532
5825533
746500
5596175
5825559
2319394
5825583
222262
222264
222270
746566
451656
681059
255079
255083
255086
746629
746633
1664138
255115
255116
1729674
1664137
255119
255121
681105
5039249
746644
4777106
4777113
746651
320671
746664
746666
746670
746671
746677
746685
1270973
1270974
386261
3474087
320736
746722
320739
222443
386284
1074415
746755
6120720
451870
5793065
746803
156983
156995
320836
320841
320851
746837
746840
5956972
746862
3761522
320887
189819
189823
157057
189826
189830
320902
353672
189836
157068
615821
746896
615829
746904
157086
615841
746915
550310
288171
615852
189870
189873
189878
4253113
615881
222687
222689
681444
255488
255492
747022
255510
5662236
5662237
747040
845356
5662257
681526
747069
5105218
255562
255565
4449869
419418
5924450
190071
190073
190074
190075
190077
190079
1074822
190103
222874
288419
288430
288436
255686
747216
550611
2156251
648925
1861350
648941
747261
321298
4810538
4810539
4810541
190256
4810544
190258
288562
288566
223033
288570
223037
583485
223039
288577
288579
517984
517985
223083
812918
5695364
419717
419719
288650
5531532
5138318
288655
288659
157606
747430
2582441
288682
2582442
190381
157614
288685
288687
190385
157618
288690
288691
190389
288689
550841
190397
288709
190410
288716
190413
288720
190417
157651
157655
288727
190425
288730
157660
223196
3827677
288735
157664
3827678
223202
288738
288741
157671
288744
157675
223218
223221
3008502
3827707
157694
157699
157705
649225
2254865
976924
157731
288808
474228
288814
3434546
223292
288829
223296
288838
6121543
387147
387148
387149
387151
288850
288857
288859
419936
288877
157808
157810
288885
157815
256121
157818
157820
157822
288897
157826
4679809
157828
4679811
288904
157834
157839
157842
419986
288918
288928
157859
387236
157862
157865
288939
157870
6154420
157881
157887
157888
157891
157892
157895
157897
6154441
157900
157903
157904
157905
157907
157909
157913
157917
5761253
157926
157930
6023404
157934
289006
157936
157937
157940
157941
157943
157944
157946
157948
289021
157950
157951
157952
157954
289026
157958
157959
289036
157967
813327
157972
157975
289049
157981
157987
289063
157993
157996
158000
158003
158012
158013
158015
158017
158018
158019
158020
158021
158022
289089
158024
158025
158028
158030
158031
158032
256334
289103
158036
321876
289108
6416727
158039
158040
289110
4974939
289116
158045
289118
289120
158049
158052
289124
289127
158057
1075562
158061
289133
289137
289139
158069
158070
158071
289141
4516214
289146
289151
289154
158084
190853
289156
158088
289161
289164
158099
289183
289186
289193
289195
158125
289202
158134
190903
6285758
289214
158144
158146
158149
289223
387531
158160
2877906
158163
158169
158170
158171
190942
158175
158177
158178
158179
289254
1599974
3369446
158185
289257
158187
289260
3369449
158191
158194
289268
158197
158201
158203
289275
158205
158207
158209
2025987
158212
289284
223750
158216
780809
158218
223755
289291
158221
158223
158226
158227
158228
158229
158232
158235
158237
158239
158240
158241
191011
158245
158246
158247
158249
158250
158251
158252
158253
158254
158255
158258
158261
158263
158265
158267
158268
289343
1501761
6285894
2288211
6285911
289379
289383
6285933
5696116
6285946
191100
1887733
289420
780940
6285971
289427
2517651
289433
289461
387765
289485
289491
289494
289496
6286041
289500
289504
191202
289510
387819
5991152
191217
191239
191245
3861261
191250
6286101
289564
289565
256805
289576
289590
6449986
5892935
584522
289612
486223
289616
289618
518994
289621
289622
289625
6286170
289631
289633
289634
289635
289637
289638
289640
289641
289643
289644
191341
289648
191345
289649
191347
289652
289654
289655
551800
289658
289660
289661
813948
191361
5303169
191363
289667
191365
289673
289678
6450068
322461
289695
650144
2616226
158627
420775
158632
453549
158638
813997
191411
158644
6286262
748473
322490
158650
158654
158655
4385726
158657
158660
158664
158666
6286283
158668
158670
289743
158672
158673
158675
158677
158678
4385749
6056920
4385755
4385762
158697
4385771
4680690
6286324
2518010
2518011
224254
6056963
257028
4385811
257054
5008426
3533867
257076
5008441
650300
3533889
224322
257090
6286404
257091
322632
257097
257098
748616
257103
3533906
3533907
158807
158811
158812
3599453
158814
158816
158819
158824
6581357
224378
6286467
191620
224388
748684
6581397
224407
781463
781470
257184
257189
257191
257196
158931
5893333
4648151
715999
2452703
4648168
552172
191730
3402995
3402996
5401852
748798
650533
257324
257328
748861
257343
224576
224581
290120
6286665
224585
290125
4746574
224603
290139
224608
290144
224615
6286696
224621
290158
748910
224625
290161
224638
290176
290182
3042694
224650
159116
159117
224654
552337
552340
290206
486824
748975
290226
1306035
5795252
6450614
290232
6286806
2946022
224744
224749
224753
224756
192007
6286856
421404
421408
159274
192043
192048
224816
257585
486963
5697072
5795380
192055
290360
388663
192058
224827
290363
192062
192066
159307
6286944
224870
224873
192116
192119
323191
192127
192134
192141
3337872
4943508
192158
192164
4943532
192173
192179
192186
192191
3108566
257753
257761
519905
257775
6352624
257777
5795570
257781
421644
4648716
225051
159516
159518
257825
388897
257827
5795619
225063
192300
5959472
290616
192314
257865
192338
257896
421740
421758
192385
192387
454532
290693
192391
290698
552843
159629
290702
159632
356241
290706
454545
159636
356248
290719
192419
290724
290737
290742
3272631
290746
290749
159678
290755
323534
159706
159708
159717
159720
323567
290800
159731
290807
323582
290815
290824
389130
290829
290836
585748
290848
454723
290888
520266
290893
290901
5140583
258162
225398
258169
258173
258174
782461
520326
5140646
290989
1994929
290995
291008
6025414
2355407
6025427
225494
225495
192728
225498
356570
487654
192744
160005
258318
291097
291106
1732898
192804
192806
192807
291110
192809
487721
291115
192813
192816
291122
192819
192821
291131
225599
291139
5894468
5992771
225619
225620
225621
291158
225638
291177
291182
291193
291200
291210
291221
225688
356766
225695
225697
520612
225701
225702
291243
225709
291250
225715
1044914
225717
291258
258493
225728
160197
160199
225738
291275
160204
225741
225744
291281
160211
160214
225751
160217
160219
291295
160224
160225
160226
520673
291302
291308
520684
193007
160253
160256
160257
160260
160267
160270
160273
160274
160276
193044
193046
1208852
160280
2421273
160282
160283
160287
160290
291372
160304
225841
160308
160310
291386
258625
6156865
291395
258634
291404
291408
1667665
291413
291420
6156897
160360
6156904
6156908
160366
291440
291444
6156918
6156920
291449
389785
291488
324258
291494
291498
291509
291519
2618048
2618049
291522
291528
193227
291531
291533
193230
357075
291542
291543
193240
357085
193249
291567
193273
193276
291581
6451969
488194
193286
193291
979724
193295
193299
507348
193302
193306
193309
389924
258860
3404588
258865
258867
5010227
619318
5010233
5108543
160580
160581
160585
160587
160593
5108565
5829462
3568472
160601
160603
1210755
4617053
160607
160610
160615
160617
160623
160627
160632
160636
160638
291712
291716
4912011
2945949
258991
160691
258995
2945983
2945989
6452171
2945998
586705
4027347
259038
259045
259047
914412
5829617
5829666
1045539
160808
160811
160812
160815
160817
160818
160819
160820
160821
160824
160826
160827
160828
160830
160833
160835
160836
160838
160840
160841
652362
160843
160844
160847
160849
160854
160856
160861
160863
1569889
160867
4944998
160872
160873
4945000
160877
160883
160893
160898
324743
160905
324749
160911
291985
291986
291988
291990
226461
291999
292002
5665954
5665960
160939
160945
980149
3077301
160951
324791
160956
160963
160966
4027599
390359
4027616
390380
2474337
161027
292104
292128
6157602
292132
292135
292137
161066
6157609
292154
292158
292163
292166
554310
292171
292172
292195
292200
161160
292239
193939
292247
292253
292261
292269
554413
4584881
292275
488883
292282
292285
292288
292292
292298
226763
1373648
161240
226777
619993
4290012
226781
4290017
259558
5338604
259565
259568
259571
259575
259601
488978
259629
259630
259632
4585033
6157901
6452817
161361
161368
161371
4585053
161374
3143264
161380
5633639
980584
2193002
226923
161388
2782829
161392
5273200
161396
2193013
226936
161400
161404
161409
751235
161413
4585096
161417
259748
6092453
6452904
5633709
5633710
5895869
3208898
259790
3569373
227047
161518
259822
259828
390903
194297
4749049
554749
194305
3962625
4749061
194310
194323
194326
227096
194331
194339
194351
325424
751414
5470012
194365
423741
6420290
194376
325499
358279
5306250
194452
194456
194457
194458
194462
194466
1917699
5339043
194469
194475
194476
194478
194480
194487
5896122
751579
751580
358382
751604
1406968
161790
161793
161797
161802
194584
1177625
194588
4454428
194594
194596
161834
161842
358486
161888
161890
1210483
227454
2259086
260255
260271
555189
1341622
5896385
1276103
5896408
555246
555252
6060278
227612
2750749
2750752
555302
424232
555312
162110
162113
162114
162118
162122
6584653
162125
162127
194897
162130
162132
162134
162135
194905
162137
162139
162140
162141
162143
162145
162146
162147
162148
162149
162150
162151
162153
162154
162155
162157
162158
162159
3373424
162161
162162
162164
6584693
162165
162166
162167
162169
162170
162172
162173
162174
162176
162177
1210753
162179
227716
162180
162181
162183
162184
162185
227722
162187
162188
162190
162191
162192
162195
162196
162197
162200
162201
162202
162205
162206
162207
6584736
162208
162210
162211
162212
162215
162216
162217
162219
162220
162221
162224
162225
162226
5994929
162229
162230
162234
162235
162237
162238
162239
162241
162242
162243
162245
162246
162248
162249
162251
162255
162257
162261
162262
621015
457177
162267
162268
752093
162270
162271
457183
162274
162276
457191
162280
162283
358891
162285
162286
522733
6257136
162288
162289
162290
457201
457205
162294
162297
162299
162301
6584830
162304
5929472
162306
162308
162311
162312
489996
162316
162317
6584865
260656
162355
326209
326210
162371
260678
260680
490064
1997404
227940
490088
490091
359030
850552
1407624
588458
752314
916156
4553413
4553419
228052
1800924
6191866
654081
1702662
752393
6191882
3603237
228139
555824
555834
424763
555836
785222
228169
162634
1621471
162638
162640
1621472
162643
162649
162654
162658
3111781
162662
228205
228208
228211
162691
981894
162696
981896
162698
981897
981898
162702
162703
162707
162710
162712
162715
359324
359326
162719
162730
572914
162732
162734
162737
162739
162741
162743
162746
162748
162749
162750
162751
162753
162755
162761
752587
4946895
195536
162769
4946896
326613
162774
5864408
162779
195548
195549
195550
5962723
1113063
457712
752624
4946935
4946936
4946937
326653
261123
261127
261132
490511
752655
162833
162834
162836
162839
490520
228375
162842
162843
261148
162845
261144
162850
261154
228388
162853
261160
228393
228396
195630
162862
195632
162865
490542
195641
293951
752703
261190
293959
326729
293962
261201
1178705
293971
261205
785494
293977
261213
6323298
326759
4652136
2718829
1670255
490609
359539
752757
3144829
949376
162948
228487
3767434
1408144
3701904
3767457
195747
195748
228531
392382
228543
195776
752835
195793
195799
163037
195806
163038
163040
163041
195810
163044
195813
163046
163047
163049
163050
392426
163052
752873
163055
163057
392433
163059
163062
163063
163064
163066
163067
163070
163071
163072
163075
163077
163078
163079
163082
163083
163084
163086
163087
163090
163092
621846
163095
163097
752929
195875
195878
261434
228669
163142
2751821
228686
228688
228699
6585692
3112290
163178
359793
228753
294296
228761
228764
1929701
4226462
228778
228781
621997
228783
5864879
163251
163253
6356409
392634
163261
228804
884165
228807
5864905
228810
228812
163278
228815
228818
228819
5864919
163288
196058
196064
654820
261605
261606
261607
163301
5864935
261613
654829
163313
5864951
163324
228880
228881
359955
196125
261661
228895
359966
785950
6127143
4226611
228920
228925
228928
228931
228933
360022
4914776
5996129
228962
228966
228977
228979
4914806
228985
163452
228999
5996172
229009
229014
229015
163485
163486
163487
163489
1212065
1212066
1212067
5865125
163494
360106
163499
163502
196272
2162357
5996214
360121
360128
5996235
5013224
4914922
4685560
425721
5537528
425726
163583
163588
163594
163606
163612
163617
163619
163623
163628
5865261
5996335
163633
589620
425782
5996347
5996369
163669
5996373
229212
229215
425828
327525
149768
4128627
149769
149771
149772
196485
163721
163722
589705
163724
163727
163729
163730
163731
163732
163735
163737
163740
163742
5996448
262053
262057
819114
163760
393138
163762
163765
163766
163767
196537
163770
163772
196542
163774
163781
163786
1998794
819162
5865465
