491523
196616
98321
98329
98336
294958
819261
327755
32860
65630
32862
327774
819300
98406
721001
721004
458882
65668
98438
98439
458891
753805
1081485
753811
229524
458903
753821
458911
98464
32932
32936
295080
753833
524459
753835
753839
753842
32947
32959
32960
98510
98512
327892
327894
327895
327897
327899
327900
327902
393438
4849887
4849902
5243119
65782
2261241
262396
1016061
262398
262400
262404
262407
6553864
262411
393488
65810
196882
262418
262420
196885
262422
5603604
262424
196889
65821
65823
262433
262435
262441
33067
262443
262444
262445
262446
262447
262448
262450
6127920
6127918
262453
262454
6127919
262457
33082
557369
262461
262462
262464
262466
262468
196933
262471
262474
262477
262479
426319
262481
262482
262484
1409364
262487
196952
229720
229722
262488
262489
262491
262492
229727
262493
262494
229730
262497
262498
229733
262500
262501
229736
262502
262503
262504
262506
262508
229742
262509
262510
262511
262512
262513
65908
262515
262517
262518
262519
262520
262523
262524
262525
262526
262528
262529
262530
262532
65925
33157
229765
262533
655748
622980
262539
262541
262542
131472
262549
557461
557462
557463
262553
557464
262555
262556
557465
295326
557468
557471
262561
557473
262563
557476
262565
295333
262567
557479
262569
557480
262571
262572
262574
557487
262576
262578
295347
5341618
5243324
262593
262595
452
262596
262597
1016262
66009
557531
66012
262641
262642
2130419
262644
262645
262647
262648
262649
1999354
262651
262654
262658
262659
262663
262666
623116
262669
98831
164369
66068
819734
590359
66072
590362
590365
590367
590368
819746
590371
590373
590375
393774
393776
393781
787001
393788
5636688
66133
393813
557653
66136
557655
393820
605
393826
393832
393833
361068
393836
361072
2982512
361075
393843
361077
197238
393847
393846
361081
393849
393851
393854
197247
98944
393857
361090
361095
361097
361102
393873
361106
361107
393876
754324
361112
393883
361116
393891
393893
393895
680
230064
393907
361140
2097846
393911
393913
524986
524989
524992
393921
524995
524996
393925
2097862
2097863
393928
2097864
393933
6587095
525022
525026
525027
525028
426726
33512
852713
230124
426732
525038
525040
525043
426742
754422
426747
754430
1147648
426757
3113318
426764
361249
426787
2392868
426794
426800
2982705
426807
426810
66368
164689
164691
164694
164696
295769
2982748
263009
33643
2786161
426866
33658
33660
33661
33662
951165
33667
33672
590737
492435
33685
33688
492460
754604
492462
492465
492466
99251
820145
754612
754620
33729
492485
558021
492488
558025
492491
558028
33742
492494
558031
525263
525270
164823
558040
525274
33755
33756
525276
164829
525278
558047
558051
66534
197628
5276670
263169
263171
263173
197638
263175
2163717
197642
2720779
525334
33816
590875
4490270
263202
263204
263206
263207
263211
263212
33837
33838
66607
4490286
263216
525360
263219
33844
263220
263221
525364
525366
525367
263227
263239
263240
263242
263243
394315
263247
263250
590931
1311826
623701
623702
656472
197723
2622560
33899
197740
2622575
33913
33919
33923
33925
33934
754832
6456465
1170
525461
754842
558235
754847
33952
754850
165028
754856
33961
5932200
165037
754861
754864
165043
165048
263353
263355
263356
165053
263358
263362
853186
853188
230598
263366
33992
66761
263368
853193
263370
230603
853196
230606
5932241
66770
853202
296147
230612
296152
230617
66778
1901785
230620
66781
66784
230624
230629
34023
230631
230634
230635
230637
230638
230645
492790
165112
230648
230651
230653
230655
787712
230657
722178
656644
230661
230662
230663
787717
230666
230670
230672
230673
99603
230678
99608
230682
230684
230688
230689
230691
230694
230695
230696
754985
230698
230700
230701
230704
230706
230708
230709
230711
230712
230714
34107
230715
34109
230716
230717
230719
230720
230724
34117
34118
230726
263494
5735752
34122
361802
263505
132435
263507
132442
263514
132445
263521
263522
230755
263523
263525
263526
263527
230760
263529
263530
230763
263533
918894
263535
263536
263537
230770
263539
230773
623989
263543
263544
34169
263546
263547
230780
263549
230782
263550
230784
230785
230786
230787
263556
263553
263554
263557
230792
230793
263562
99723
230795
263558
230798
263566
230800
296336
263561
230803
263571
263572
230806
263575
230808
263577
230812
263583
230816
263586
820643
230820
263589
230822
230825
230826
263593
263595
230829
820649
230831
820653
394673
820658
230835
558516
230838
787894
5998011
820668
394686
755150
198098
5998035
1050070
1050072
1050073
198106
1050074
198108
1050075
1050076
1050079
1050080
1050081
1050082
1050077
1050078
493034
198127
198130
263670
263672
1050105
1050106
263675
263676
1050107
1050108
984575
263680
263681
1050112
263683
1050113
1050114
1050115
1050116
2459139
34321
263698
67092
263701
329240
34332
34333
263717
6293034
34349
820783
263733
263737
263742
296512
263749
263752
755274
34380
34381
230989
165456
230994
230996
230998
263767
231002
263771
231004
231005
263774
263777
231010
231013
231014
427623
231016
427625
427627
1541742
231023
427632
231025
427633
198259
231027
231029
427637
5932657
231032
231035
231039
231040
67204
231044
231045
231048
231050
231051
231054
231055
231057
231059
198292
231060
231061
755353
263839
657056
34466
34467
34468
34469
34470
34471
34472
34473
34474
34475
34476
34477
34478
34479
34480
263851
198317
263856
263858
755384
526011
755388
165578
231114
231116
198353
34514
198362
526049
460519
198376
231148
198382
6260478
231171
395013
755462
460551
460555
2656011
460557
460561
231186
460564
3016470
296739
558893
1410863
198459
821053
1854
198462
34630
231243
231247
296785
296787
231253
296789
231255
952155
132965
34661
132969
231279
3213167
1083251
34677
231285
231288
132986
231291
231294
67456
231298
67476
559002
34724
5801905
559026
165815
133049
591804
133054
559040
133057
5801921
559046
231367
231369
231371
231373
329678
329679
296912
395216
231378
296915
34772
231381
296917
296919
296920
296921
329688
296923
329691
296925
296926
559064
329696
296929
67554
296930
559070
559072
329701
296934
296935
559076
296937
34795
296938
329711
329712
296947
34804
329715
296949
296953
559097
559100
559103
559105
559106
559107
559108
100358
133128
755721
231436
231443
362518
34843
34844
34846
133157
67621
428070
67630
67639
67640
460858
526397
559184
428113
2492503
460888
34905
3606619
2492508
2492509
460894
2492510
2492512
2492511
2492513
460899
2492514
2492517
2885733
2492516
2492520
2492522
460908
3639411
297083
2099324
2492542
34950
1804422
5113993
2492556
2689165
2492559
2099350
2492566
34969
2492569
1804444
67747
4491432
5114025
755912
755915
592088
592090
2328800
133346
35047
35048
35049
35050
35051
35052
2328812
854257
35063
35064
690424
35070
4819204
592139
5900555
624910
592143
461074
624914
461076
624919
624922
5900571
624927
35112
297259
35121
4426037
35126
919866
330045
592191
2623812
330063
133456
6228313
166240
919914
723321
395644
395646
395648
395651
723331
395655
166301
35236
231856
264633
330173
35263
231872
297408
231874
330179
264647
428488
625099
625102
1706447
1706448
1706449
1706450
2515
1706451
625108
1706452
1706455
1706459
100835
1706468
68071
428519
1706471
100845
592365
395759
395766
395770
395771
395777
297479
494088
297481
297482
428555
166412
395791
166416
166417
199198
494111
526878
494113
494114
494119
199213
2230846
199233
199234
199253
199258
35420
232031
35425
232037
526950
199277
526958
199279
1444464
232049
232051
133748
199284
1444467
199287
232055
4229753
5048951
821888
232070
199303
330375
494216
199306
428683
428687
428691
68244
428693
199318
2820759
68249
35482
428697
428702
68256
68257
428708
68262
428711
330411
1641131
428717
166580
166590
2754
68293
920264
166602
428756
428757
199390
1149665
199396
199399
297705
199402
297711
297712
297714
199417
35584
5409539
297741
297745
297747
2788118
297753
35612
297756
68382
166686
297760
166689
297764
166697
297772
297774
166706
297782
297785
297787
887611
887613
297790
887615
297793
297796
297800
232265
297803
297805
527182
297810
297813
166744
297818
4623194
297821
166750
297822
297826
297827
35684
297830
297832
297833
723817
297836
297837
4623212
297840
2689905
2689906
297843
297848
461691
297852
1411965
723841
297858
297860
625547
68505
330651
330655
297891
297897
297900
330672
330674
330676
330677
330678
330679
330681
461753
199613
330703
330707
330708
330710
330719
199648
330722
330723
330724
2264036
199654
199656
199659
297975
3935226
297983
330756
330760
396308
396310
691223
298020
298023
298028
35886
527407
298032
298034
298035
3378228
986167
134208
1182785
527444
527455
134244
1182825
134253
134254
429167
134256
134261
134262
429173
134264
134269
134270
4066430
101504
134273
724097
724099
101509
134281
724108
134285
134288
461969
134293
789656
101529
134298
756888
134300
855195
134309
101547
1674411
5508270
298162
36044
36045
36046
36047
36048
36049
396497
396499
396503
298200
396505
658649
396508
396510
2329822
396512
298210
396516
298213
396520
298218
298220
396524
1346799
298224
396528
3345650
298231
396537
298236
298237
396541
298239
298240
298244
298246
298247
396551
298249
298252
298253
396558
298255
298257
298258
396562
396564
298261
36119
298265
298268
2100509
36126
3358
298271
593185
298275
199973
396595
527669
1641782
462135
331065
462138
331067
331071
101711
920913
920914
920916
920917
527702
920919
920920
494937
527706
920922
920924
494945
2755938
5148006
560494
494960
494971
6196606
265603
232845
232847
232850
363931
232867
232871
232876
232879
232880
232882
363956
363959
363961
1379772
757182
560582
560585
560588
822734
560591
101840
822736
560594
232916
560596
265690
265691
265695
232927
232928
232930
265701
4656613
232936
265706
364026
364027
364031
167425
265729
364033
364035
6360582
200198
167430
364038
167434
167435
364041
364043
3870217
364047
167442
364050
364051
364053
527898
527899
822812
527901
527903
527906
593452
691766
5901883
364092
364094
364096
691777
36419
36420
36421
364101
364105
527947
364109
2592333
364111
36441
593504
593512
265835
462443
265838
462448
462452
134774
167542
527993
298620
36477
298623
36480
36481
298626
36483
36484
36485
134790
36487
528002
36489
167559
298631
167561
429704
167564
298638
298640
298642
462487
200345
298650
200347
298653
495262
200352
200355
954037
233159
233161
528076
134863
200403
200405
331477
200408
200410
331482
200412
331485
331489
790260
134904
134907
134909
790271
167680
495364
495365
69384
790281
36624
200466
790294
4296470
36632
6131485
495392
397093
1303350
134953
495401
495402
495405
6131502
888624
495409
364338
364340
495412
495415
495417
6131515
560965
560966
4296519
36680
560968
266061
266065
560978
266067
266068
560981
266070
266074
1970011
266077
266080
462688
167778
266083
167781
266085
266089
495466
266093
135024
135028
790394
462722
331654
462727
462729
364432
462737
397202
397203
495509
397207
5803927
364446
397214
167860
233396
167863
233401
167867
167872
233409
233411
102340
102341
233412
167878
364490
167888
102366
69599
823270
233448
167915
167916
167917
757742
298989
167923
167933
167937
167938
167943
167945
135179
167951
167959
167962
528410
528411
528416
36898
167970
36900
36901
692259
167977
364586
364588
364595
495673
364603
495677
364606
495680
528448
364612
495684
364614
364615
430152
364617
823367
430155
495691
495694
364626
495700
364632
790616
364635
364640
790624
462946
364644
364646
364657
692338
790643
102532
102538
102541
266381
102543
102547
299157
430237
102562
430244
6230182
430253
430255
430264
430268
233665
430273
233674
1052880
1052890
430326
430337
233750
528679
299339
4329803
397648
69970
299346
168275
299349
299354
299366
299368
102779
299400
397709
299406
430485
6459805
430494
463264
5935521
430500
233893
70059
37292
758190
2593206
37306
37313
6099396
4566
4570
201188
201190
5804524
201205
758261
2822645
430591
365057
3346951
266760
430601
365066
430607
266770
430610
463382
692760
365082
463387
692764
430621
692767
692775
135727
594481
954935
463421
299582
889413
365149
365155
954979
365157
889444
365161
332393
954985
332397
266862
692846
332402
266867
725618
332405
365177
266880
266887
266889
135820
266895
266899
266902
266908
234144
234145
234146
234147
463523
234150
234151
266919
266922
234155
234156
3052203
234158
266927
5018286
266931
234164
234166
266934
234168
234170
1675962
234172
234173
234175
234178
135875
266953
234189
234193
266962
234195
234197
266965
234199
266967
234202
234203
266970
266972
692959
266977
266979
824038
692967
266984
266986
266987
266990
266995
266997
234230
37625
267001
234234
267004
234237
267005
234241
267009
201476
37637
267012
234246
201480
267018
201485
561933
5804817
4882
561941
594715
594725
5804837
2888497
2888498
201525
594742
168759
201529
1003964
594747
594749
201535
594751
168771
594755
594759
168788
168792
168800
299894
299895
562052
3642247
37770
299925
299927
299928
299932
168861
299935
168866
299938
299942
5039
5045
496567
562103
496571
136125
136128
1151950
398290
398294
398297
398298
1151963
398300
398301
1676250
1676253
1676256
1676258
398307
398309
398313
398316
594929
398322
398325
1676291
3085330
726037
168987
168990
496675
496676
496677
496678
496680
496683
201773
201776
201782
234552
496715
496720
562257
496725
496727
496729
201819
496734
529503
529504
463968
529506
463969
136292
463970
496739
463972
496742
463978
37995
463980
758894
496754
529523
496757
758901
496763
529532
1250428
496766
529534
529536
234627
2856080
2856081
234642
234650
234653
2069661
287616
234657
234659
1250467
234663
726185
234666
496811
234670
496814
726191
234673
496817
496820
234677
6395062
234682
234684
234688
1053892
136389
1053893
234694
1053894
1053895
234698
234703
1053903
201937
234706
234709
333026
496868
38118
496870
333035
136432
333041
464123
169213
38146
464131
38149
529672
38153
529676
529678
529684
529690
988442
529692
529694
529697
496932
103718
529704
529706
398636
529709
529711
38193
38211
136524
234832
2004304
529751
529752
529753
529754
988509
6460781
431486
333189
726406
5019016
333196
287664
5936530
333204
759190
71065
5084583
857513
71082
857515
5548
71085
857516
726446
71095
857528
431547
431553
431557
71158
202235
202236
202237
660998
38409
38410
759310
300559
824849
824852
2987556
235049
235051
267823
661043
562741
398919
398922
398926
398931
5445207
398937
398938
562781
1709664
1709665
398947
366180
2627181
104046
202354
5752
2987641
5758
988803
5445253
5445254
5019295
235170
235178
399018
399023
399031
431802
726715
431804
431805
497343
726723
464580
726728
169681
1840851
6428384
693984
235236
38629
235239
169712
1414902
1414903
1414904
1414905
268036
628485
628489
628490
628493
399120
628499
71445
399126
628505
235290
235293
399135
399141
137000
399145
137007
399151
628527
137010
431922
628531
399157
431928
1349433
399162
1349434
1349435
1349437
1349436
1349438
1349439
1349441
1349440
1349443
1349444
1349442
1349446
1349445
1349447
1349448
1349449
1349450
1349451
1349453
1349454
1349452
1349456
1349457
1349458
1349455
431956
1349459
431962
399194
1415009
431970
563042
563045
431978
104301
431985
38775
1873784
431993
399238
399249
399252
399262
300960
399267
399268
399270
38825
1710046
1710056
399341
399342
464877
464879
399345
202738
202740
399348
399350
38903
464886
464888
464889
399356
464892
464895
464899
464901
628750
399382
628758
235544
399385
628760
628764
399389
628768
628773
170024
170028
432172
432176
432183
661559
432189
661567
432192
661571
432197
563281
563286
1022055
1022056
1022057
366710
1349750
71804
5740676
170136
301225
170154
170159
301237
727225
399546
301251
399558
170183
268505
39143
39151
203017
563475
6422
6423
6426
104737
235858
235860
6485
6486
6487
1612116
596311
235864
235865
235870
6495
137568
6496
235873
235875
235877
235879
235882
235884
72047
137584
235889
235890
235891
235893
235895
235903
235904
6529
2201986
235907
235910
6566
2660813
563672
39386
39387
203233
203236
104933
39397
170473
203241
170475
104941
170477
170478
6494708
399871
6659
399875
793095
104968
399881
399882
498187
399886
399892
399893
498202
498203
399901
498206
432672
4856353
399906
399909
399913
399920
399923
399924
399926
399930
2791997
399935
498240
498243
399941
399945
399950
105045
203354
105051
203359
203364
203370
498285
203374
203379
203384
793217
203394
72323
268930
268936
268939
268944
268947
268948
1317524
236182
137881
268953
236187
236190
301726
268960
1940129
268963
268964
72358
268967
72360
6826
268973
268978
72371
465586
72375
268985
72380
268988
72384
72387
72391
72393
72394
170699
6861
6862
39632
137940
236248
596697
137946
137947
3906272
5708519
2726632
72426
6893
334573
596732
793341
334591
203522
793346
1055490
203528
334600
6363917
793359
5249809
563989
563994
1055523
6954
6955
6956
6957
203570
203575
170807
203580
3283773
236361
301913
39772
301917
301918
498528
891744
301922
334691
498530
334694
498535
334697
498537
334699
891755
498541
334702
498543
498542
498545
891754
891757
924527
891759
891761
891764
891765
891763
170876
203648
203653
760715
138127
6364048
7061
138135
7067
7068
1285024
1285026
1285027
1285032
1285033
1285036
1285037
1285038
1285039
1285042
334780
334781
334787
2104259
334790
531399
334795
334797
334803
170964
334806
203746
7144
203753
170988
7149
7150
7151
7152
4627437
7154
2857966
170993
171002
7163
7166
203774
171008
39939
203782
7177
400394
203787
433185
236580
433190
433193
236588
236590
105519
236591
236594
236596
1711158
105527
236599
236600
564279
236602
1711160
236604
236605
498750
236607
236608
236609
498753
236612
236613
236614
72776
236616
72779
72784
236624
236626
236627
236628
4922455
236632
236633
5250135
171099
236636
171101
236639
236641
236644
597099
367724
269424
597106
367732
367734
597112
367738
72827
564348
236669
367742
236673
367748
236678
203929
760986
466075
466090
466092
466094
466095
302260
302262
367799
7352
302267
6102204
7357
7358
302271
924864
924865
924867
597191
302280
367816
859340
171214
367824
466131
564437
302294
466134
302297
367834
367842
138468
236772
7399
7402
367850
236779
7406
367855
1154288
302323
171253
367865
2071804
171261
72964
367879
433415
433417
3611913
3349771
367888
2628882
2628883
367893
367899
2497822
171296
367905
531755
531756
531757
73007
531762
531764
171321
171326
138563
138564
171333
171334
499017
138570
499019
171348
531799
7512
499038
433503
531806
499041
531813
6331755
73068
6331760
400752
400755
400756
400757
1449331
3874163
761208
1711480
400764
400767
761218
1711491
1711492
761221
1711493
1711494
1711495
1711496
1711498
433547
1711502
1711504
1711505
1711506
400787
1711507
1711508
400796
564638
531871
138656
204192
372742
138659
564645
138662
531882
564651
138668
531885
1711533
138675
564662
138679
105913
105914
564672
7618
990658
499144
499148
138704
990672
2760144
138707
564690
990675
990674
564694
564695
73183
6528479
1056224
138722
1056225
1056226
1056227
1056228
1056229
433638
138732
269809
335345
335349
73206
568146
138750
138758
1449489
106007
73240
106009
433691
794139
106014
1050109
1050110
1050111
73260
630329
532030
925246
532032
532033
532034
532036
532037
532038
532039
925254
532041
925257
532044
532045
532047
7760
532049
532050
532051
2563667
532053
532055
532056
925278
532063
532065
532066
925282
532069
532070
532071
532072
532073
532074
925290
663150
925296
925299
335480
466568
499353
269978
269985
499361
269990
269994
269996
499375
499376
270001
499378
499383
499384
7898
663282
139010
990979
663308
663319
204569
204570
335642
827167
237354
663338
663348
466743
3940152
3940153
2465594
3940154
991036
3940155
3940156
204609
3940172
3940175
3940176
3940177
40786
3940178
991059
3940179
1482581
3940180
991066
335708
335712
204661
40828
204668
204671
204674
434052
106379
106422
237496
434107
237500
565181
106431
434111
434114
40902
434125
434128
8146
237523
237524
434131
335830
237527
663509
434137
1613780
1613781
237532
237533
434142
237535
204771
204772
434159
434164
565241
434177
434180
270349
4825110
1744922
237602
466978
237606
172082
172087
565303
172089
172093
8259
172099
172105
106570
761938
2957397
204888
204890
204891
204892
204894
41056
204896
204898
204899
1056868
204901
204902
106599
204903
204905
204904
893035
204906
204907
106606
204910
204911
893041
204912
106611
893043
106613
172145
335987
204916
204917
204919
204921
204922
204923
204924
204927
204928
204929
5415036
204931
5415044
204925
204934
204930
204936
204937
204933
204938
204940
204941
204939
204942
204944
204945
204946
204947
204948
204949
204950
204952
204953
204955
204956
204957
204959
204960
204961
204962
204963
204964
204965
204966
204967
204968
204970
204971
204973
204974
204975
204976
204977
106674
204979
204980
106677
106678
204981
106680
204984
204985
106683
204986
204987
204988
204989
204991
204992
336064
204994
204995
204996
204998
204999
205001
205004
205005
205006
205008
205009
205012
205013
205015
205017
205018
205021
205022
205027
205032
205033
205041
205051
205056
303363
303365
663814
303367
303368
303369
303371
1057046
1057047
1057049
1057050
1057051
1057052
336157
336158
1057053
336156
336159
205090
631070
5644581
336168
1057075
1057076
1057080
1057081
1057082
1057083
1057084
1057085
1057087
729407
172354
729414
893262
1057103
1810766
1810767
1057104
237907
1057105
5415251
237919
237922
205176
6136191
106880
336257
106888
106894
106898
237971
237980
237984
237988
565671
106920
237991
106922
106923
41386
237997
238000
369074
238005
926133
238008
238013
238017
303557
500177
172507
205275
172510
172512
8676
172517
172521
205295
270840
238073
532989
270873
270877
172575
270882
270886
270889
74286
270895
6529584
270897
1647155
270910
270914
8772
270917
270919
139850
270924
139853
270928
270930
270932
270934
336471
6431321
336475
1647195
1647196
336478
1647198
6529634
1647203
205418
336490
205423
336495
205427
336501
205432
139900
434812
336513
139906
434819
205444
434823
205450
303754
434828
205455
434835
205460
434836
369305
369308
369309
369314
369327
369333
369337
369338
303815
74443
795340
434905
795354
205532
434908
140004
664292
664296
271082
664299
271085
434927
271088
664304
271090
271092
271093
271094
434932
664311
271097
598777
271101
271103
271104
271105
271108
271109
271111
271114
271119
598799
8977
271122
271125
271128
271129
271132
271134
271136
5350179
271144
271145
172843
271148
172845
172847
172848
271151
172850
271154
172852
172853
271156
172855
271158
271161
271159
172859
238395
172861
238398
238399
172864
238401
172866
238402
238396
172869
41798
238405
238400
172873
238403
238404
238412
271172
238414
271175
271176
271178
41810
238418
238420
238421
271190
271183
271192
6529881
271194
271187
238428
172893
271196
500575
271200
566106
238434
271203
238436
369508
271207
238440
238441
271211
271212
238445
500590
5546861
172914
172918
238458
238460
238463
140171
6267795
6497172
238495
664480
4924320
664485
172970
6529987
238533
238537
402379
402384
402387
6562776
402393
173020
173021
402409
402413
2171888
762869
402422
1680385
631840
631843
369708
697392
369714
468020
6431797
369718
697402
1352769
697413
238677
74838
6431836
3187804
336995
42087
173166
74869
369785
271494
271495
271496
271497
271498
271500
271501
369805
271503
271506
271508
271509
271510
238745
271515
697499
697500
566445
271534
271535
271539
271543
271545
271546
271547
3876028
271552
206020
271557
107718
206022
74952
206025
271559
271562
271563
6595799
500960
206051
468200
206057
468202
468205
468208
42239
173325
206094
828689
206098
107795
664856
402714
402720
206118
75047
206121
206122
206123
468282
5875011
42313
763239
42347
271725
2565487
2565489
271732
2565496
5088633
861561
2565499
2565500
271743
2565510
2565511
435594
271760
9624
438278
42400
3679657
370096
370097
402866
370099
402868
271792
271799
402873
9660
42429
402877
370110
42435
370132
468438
468440
468441
1385954
42476
5940718
468470
468473
206332
206337
206340
206342
206346
337423
9749
3253784
9755
599580
599585
140835
599589
599591
206376
108073
599594
566827
2270762
140845
566832
599601
599603
566835
5350963
566838
599607
108098
206404
566853
3057224
599626
403020
206414
566862
206416
206426
337510
468584
468595
435828
239220
337526
435832
337532
435838
239231
239233
665218
239236
2926213
403077
337541
468614
239237
42634
337548
337552
370320
435874
435875
435876
435877
435878
435879
435880
435881
435882
435883
435884
435885
435886
239279
435888
435887
239275
4826812
4826814
403142
9928
173774
173775
173776
403153
1091283
239322
468707
75495
5383915
206572
206574
9969
9970
9971
435968
272131
272134
435976
272137
304915
403225
304944
665392
829235
436020
468790
239424
173905
567122
141140
141143
5285719
141146
141150
370529
370532
370535
4302699
1976175
5252979
370554
370557
370558
370561
370563
370568
370571
6498189
370575
370580
403348
665496
567212
272320
5285827
2009029
862150
174025
174028
174031
4433874
174034
174039
10201
4794335
141284
6498277
6137833
6498283
501745
305153
501762
174083
108548
501764
174085
305160
600073
305164
469005
305168
305171
305172
436252
436253
469023
272416
174119
4433965
10298
4859975
174154
4925516
174157
174159
829523
206948
305256
206954
272507
764031
10369
764034
174217
501898
174224
6498449
174226
174227
174229
501909
174237
174240
174243
600230
6498473
174261
1976502
174263
1976503
1976504
174267
75970
6498500
305348
370885
239818
960714
960715
960716
370894
75984
174289
370897
370899
370923
502009
43265
43269
502022
174344
174348
174349
436493
174351
174352
174355
207126
207134
1321246
207139
174374
43303
207143
207158
207160
207164
207167
207170
207173
174407
207176
2566474
207179
207182
207183
174416
371022
207186
207187
371027
207189
207193
207196
371037
43360
207205
371045
207207
10600
76137
371049
207212
371053
3516781
502128
207219
502132
600437
502139
502145
502148
502151
10632
502152
10634
731527
731533
338318
338320
43419
174491
76190
10657
43426
567715
567717
10664
207275
10671
534959
534963
1321406
436681
2697674
436684
436690
174546
436695
436702
436704
207329
207330
141796
2140645
207334
141801
403946
371181
174577
174579
207348
174582
76282
174586
76294
43534
2763281
403986
10776
633370
469535
469538
469543
469559
10817
10822
10823
10824
10825
272969
174685
174689
10868
76411
2435712
666242
502404
10885
666247
666254
633489
666260
404117
76437
633495
666264
633496
76441
666267
76445
633503
76448
76451
5384869
76455
76457
76461
633518
928432
699060
207543
174776
207549
207551
10945
207555
207557
142023
174795
76492
207566
207569
207572
174805
207573
240366
273137
174847
2042626
5778185
11021
11022
174861
174869
1157910
174874
338714
338716
338717
174878
240414
5778202
5253917
174883
240419
11045
11046
5253925
404263
240424
174889
174891
240429
174909
174910
174913
174919
469831
43850
469834
174923
568141
43854
469838
240460
43858
174930
174931
469842
469843
338775
174936
338771
174938
469851
568152
338781
371550
174943
568153
338785
469858
568159
437092
568164
338792
568171
371566
568176
568180
568184
273274
273276
273279
338816
273281
568192
273283
273285
273286
273287
338824
273289
568197
568202
5778312
273293
273294
273295
273297
273299
273300
273301
273304
273305
11162
273308
273309
273311
273313
273315
273316
273318
273319
273321
273323
5155756
273326
273327
404401
273329
273331
273332
273333
273334
273338
273339
273341
11198
273343
273344
273347
273348
240582
240583
240587
338894
6106070
11226
502746
4729827
240635
240637
175102
240639
207871
2993151
240646
175114
240651
175121
175125
764954
175134
764958
601121
764963
142375
764977
404536
44092
601161
601169
76884
601176
601182
601184
142439
142443
339055
339058
306291
339063
306298
339068
339073
11405
339087
634000
306321
306323
535703
306328
2829463
306330
306331
2829468
306335
634018
306346
306350
306352
306358
306360
306362
306364
306367
634048
306369
306371
306374
306376
306377
306380
1387732
306389
1387734
1387735
1387737
306395
1387741
306397
1387743
1387744
1387746
306404
142573
142574
142579
404723
142584
601342
273665
273667
1617159
601353
175371
601356
601358
1387791
601359
2829585
371984
961807
273684
6434069
6139164
732453
208170
503085
568631
568632
568633
568634
175419
44348
339259
11582
306499
339280
11613
437598
5909856
732528
11633
11647
732550
2633100
484272
732560
241048
241051
339356
339357
339358
339359
241059
241063
241066
732588
241070
503215
241074
1977779
241077
241079
241083
208321
5221828
503238
5221831
503241
77257
11722
503243
503242
241102
1256910
241104
1256911
241108
241111
241113
241116
372189
241118
241120
241121
372192
241123
241124
6434278
241126
241128
241129
241131
503276
241133
470510
503279
241135
241136
699891
241140
699896
503313
273941
503318
503320
175645
175648
831008
175650
503333
110122
306732
503341
6237746
77370
405050
306752
6434405
863846
11879
863848
863849
863850
863851
863852
863853
863854
3321460
208502
1027702
110208
437907
110233
536217
110244
241319
3124903
110251
667313
11956
437949
110277
77511
208583
11980
11984
110304
110307
110310
208616
110314
1060591
306928
306930
1060595
306933
1060599
1060602
863996
1060605
1060608
1060612
208645
1060615
1060616
470794
1060627
1060631
1060634
208670
306976
306980
274237
274240
5427646
110405
44875
1060690
1060691
1060692
241493
1060693
1060695
1060696
241497
44887
1060694
208732
44896
12128
44901
44910
2764658
2928503
634748
2502524
5844861
175999
176001
176003
176004
176008
44937
634767
339859
44948
12183
176028
44958
12192
12193
12194
536481
536482
1847209
438199
438209
962498
438215
339928
2076644
569322
634861
176115
471031
307193
307195
471036
307197
471038
1781758
471040
307200
634879
471043
110596
372740
307205
110599
372743
372745
471050
307211
471052
372748
307214
307208
307216
307217
307232
307235
307238
5943354
831551
307272
77902
12368
77911
77918
4960350
77921
1355874
77924
471141
864359
340083
5943414
12409
110714
274565
274570
274575
274579
12440
274586
274589
766109
274591
12449
274594
536743
274603
274607
274608
274611
274614
2764982
274618
12476
274620
2764989
274625
438467
274629
536773
438474
274635
274637
274641
274644
274646
438493
438494
635116
340206
78069
110844
1192190
2994431
536838
4567314
536851
241950
1913118
864550
274731
12588
274736
143666
12595
143669
12599
143671
1913143
12602
536891
1913148
1913146
12610
6533443
110916
4337989
143686
143687
4337990
12618
274763
12623
274773
438613
274778
274780
569692
274782
831839
110952
110955
110960
110977
504195
569735
517041
110997
111004
517043
5222818
111012
602533
602537
340395
471468
340404
340406
471480
12730
569786
471483
471488
45505
471493
12747
471499
504267
1061347
242150
4174312
897514
602606
602608
602611
602614
176634
2634238
438792
635403
438797
602640
78356
602648
897562
307738
897563
635426
635431
635436
242221
406062
242225
635445
242230
242232
635450
242237
635454
176702
176704
242238
635458
176711
766542
6533711
242256
12883
242260
766549
242263
832094
242284
242304
537219
242311
242312
242313
275082
242315
6566553
832154
504503
504509
504518
504522
504527
209616
242384
242388
242390
307926
406234
242394
242396
242398
242399
242400
406241
242402
242403
242405
242406
406247
242408
242409
406251
242412
242414
242415
242417
242419
406260
209653
242421
242423
406264
242425
242427
242428
406269
209661
45823
439036
439039
439041
406274
766720
13061
406276
78599
209670
406280
439048
439050
144139
406283
439052
209679
406287
439055
406296
1717017
406302
406303
144164
209701
340774
406309
209706
209707
209708
340778
209710
406315
209713
144178
406322
406324
209722
406330
209726
406336
209729
406339
13124
406343
406346
406349
406353
406356
209748
439127
45913
78682
406362
308060
45917
242526
308063
209760
308064
308065
471904
209764
308069
308070
209767
439136
308073
308077
308079
308080
13169
471921
209778
242550
242553
209788
242557
209794
766853
2765711
2765712
2339729
2765713
2765714
799642
406432
3519392
1946555
78781
1946558
78784
242624
2831298
537543
242637
340943
275413
2438106
1061855
1061858
340967
504810
275440
209908
13304
13307
46077
78846
46079
78848
46081
13314
209918
13316
209920
209922
13319
209925
78857
13322
209926
209930
209931
209934
144399
78864
1487887
209938
13337
5747738
177183
144416
78883
439333
144424
996394
144427
996395
13364
439348
308296
308299
996427
308301
1422415
996432
439379
996444
242781
996445
996446
996447
13410
13413
13415
242805
308342
144505
13434
275579
242812
275582
242815
13441
373889
242819
111748
275588
275590
111753
275593
275595
275598
275599
13456
275600
275603
275606
275607
275608
275612
275614
275618
46245
275621
275623
373927
275625
373928
275627
275631
275632
13490
275635
275638
275641
4109498
275643
275645
275646
275649
13506
275651
1029315
13515
865483
865484
13526
668896
13551
275699
374022
275722
275724
275726
275728
275731
13598
13605
668971
79149
79151
341301
79160
472381
79169
472385
505156
374092
472398
275791
472400
275793
275794
374098
275796
374099
275798
374103
472403
374105
472405
144731
472407
472410
111966
374110
472411
2897241
5649766
341361
341364
472445
3487103
6174085
210316
3487123
6567317
374169
144808
308651
308662
308663
308664
374198
308666
374201
308668
374203
308670
374206
177600
472508
308674
177603
308676
374210
374212
177607
472511
275920
1062359
46570
46572
210424
439803
439805
407050
439819
538131
538132
46613
538133
538135
538136
538137
538138
5944860
5944867
833068
3651118
898621
144960
1979975
341580
177741
341581
177743
2831948
341585
341586
341588
177751
341592
341591
341595
13916
341596
177759
341599
177761
341601
341602
177764
341606
341608
374378
1980010
308845
177781
1980027
177788
177792
4732544
5191298
177795
177799
177802
177805
571024
571027
177813
571029
571031
177817
177823
571040
13986
571042
79524
177827
571043
177829
571046
177833
177834
2930345
177836
79533
177837
177838
177839
14001
177840
341676
177842
177844
177845
177846
2406071
177849
177852
177853
177854
177855
177856
177857
276156
177859
538300
177861
538302
538305
177864
538307
177866
538308
538309
14029
538311
177870
177871
177872
177873
1160908
1160911
177877
177878
177880
177882
177884
2766557
177886
177888
177889
177891
177892
177893
177896
177898
440043
177900
5060338
210676
210679
210680
210682
210683
374528
308994
3946246
145159
243463
2111241
210698
243467
931595
177933
243471
243472
210705
309011
309017
440091
276253
1980190
440094
210719
440095
800544
472866
440099
374564
800543
800546
800551
800550
440105
276266
800555
5912356
800557
440110
800560
800563
800565
571193
440123
800572
571199
440130
571202
800580
440136
800584
276298
440145
178004
276310
800601
800602
341851
800608
800615
800616
341866
440171
800623
341872
341875
341879
440183
440187
800636
440190
440193
800643
440197
14218
440202
440204
243597
407440
440208
407443
440211
407445
407446
407449
407452
407453
407458
407461
407462
407463
800680
604077
2176945
604083
538548
2176951
210875
145343
833475
145349
145351
276424
636873
145354
276427
833481
833487
145365
145367
14301
276446
407520
276450
276451
407525
407526
276456
407528
276460
14317
407532
767982
14320
407536
636913
407538
407542
407550
276480
276481
407554
276485
407559
931848
604175
931859
1783848
1783850
79918
178222
800814
178225
800818
79928
800826
112699
112705
3946563
3946569
3946570
112727
14433
407654
866406
800875
243820
407661
4012140
407665
407666
407667
407668
800883
505977
4012158
4143238
309390
407695
309392
309395
309397
407701
506008
145564
309405
309407
407711
899235
178340
1456292
309414
14503
735398
506024
899239
6600875
309420
506029
800940
735409
342196
243894
243896
309436
506044
211134
309439
309440
309443
506054
309447
112844
538829
112847
538831
112849
309468
14563
211181
178429
14592
899336
5781779
669978
4634907
178460
112927
178465
178467
669989
178471
178473
178475
178478
669999
112948
178484
670005
178486
178490
670011
112956
14654
178496
112963
2603331
178500
145733
178503
178506
145742
14671
178510
178513
178514
702801
178519
145751
3520860
211307
407919
211311
178546
407923
178547
178548
178549
178550
276855
801144
407930
407931
145794
145795
145796
145802
145808
145809
473492
473495
113050
473498
145819
473499
473500
473501
473503
178592
473504
473506
113067
1096109
113070
1096112
113073
965041
1096114
6338997
1096118
1096121
1096122
145853
473540
80326
4733385
47570
440798
768479
14823
211434
342506
342507
211437
440817
211442
113139
342514
440820
211447
14846
473598
473602
342532
5061124
342541
440845
342545
440849
1358364
1358365
1358366
1358367
277030
80433
539189
80440
5061176
211513
834105
211519
309826
80452
539204
309831
80474
342619
14944
283025
866915
866916
866917
866918
47719
866919
14975
703106
506499
506500
211601
473762
283038
473764
375473
375479
2800314
4963006
80575
998087
4963017
998091
998094
80600
1981145
2341596
2341597
211685
211686
211690
211705
5847810
426341
244487
244491
244496
244503
426345
204908
2210596
80677
204909
2210597
670503
2210599
113450
2210600
670506
2210610
2210612
2210613
2210614
2210616
204913
211769
211772
375613
211775
375618
204915
375620
375623
375625
15180
5454669
211795
375639
441176
146265
899936
899937
6568813
6175598
211823
4012916
80759
146305
375682
80771
146308
375686
310169
474011
1784733
474014
211875
80805
211883
474034
211892
80821
801720
15304
146396
146398
15328
146401
15331
263563
769006
769011
408570
263568
506886
408584
244757
244763
441371
375839
244770
408612
113701
408613
244774
343078
244779
310316
5061675
310318
244784
310320
506930
310324
310326
310328
310334
244802
244806
900180
310360
1260635
310364
310368
310371
277605
1260645
1260647
375912
48233
1260649
277610
1260651
1260653
4308096
6143087
277616
277618
277629
408702
48255
204978
277631
4308098
277632
375937
277634
277635
375940
277637
769158
277640
277641
375944
408715
277643
277644
277645
277649
277651
204982
277653
277654
277655
204983
277657
277659
277660
5455004
48286
277663
277664
277665
277666
277668
277671
179369
277673
277675
179372
277676
277678
179376
277681
179378
244914
179380
277685
277686
277684
1719480
310456
277689
277690
179384
179386
277693
179387
179391
277696
277697
179394
179395
277700
179396
179397
277703
179399
179402
277707
113868
179405
179406
179407
277711
277716
146648
277720
277722
146651
343264
146657
277729
146659
146665
146668
146672
81140
146679
81146
146683
736529
1522973
1522974
212258
474403
474406
507174
474408
474412
408884
146749
441664
408897
802112
408900
441669
408902
441672
408905
441673
408907
408909
408918
245088
408930
2112878
212336
1654130
1654131
146804
179573
179576
179578
179580
179581
179582
48511
179583
179584
179585
507265
179588
179591
179592
1293707
179597
179600
634883
179603
179614
634886
179617
179620
409000
634888
2702764
409005
409009
409013
146884
146889
1031625
146892
638413
212430
212433
572893
114143
15842
1621479
409069
474606
638446
376308
376314
376319
376322
376327
409097
376331
409101
376333
376337
376340
376341
409110
507422
835125
6307391
315787
212552
81482
212555
310862
147031
179811
315794
179818
376427
179820
315795
179823
179824
376433
376435
315797
257181
1916537
179837
179839
257183
179841
179846
179847
179850
315801
179857
343697
540315
540318
147103
540320
442019
315806
315807
48810
48813
48815
6471345
48820
3096250
48828
179902
278210
540360
81611
540363
16081
409301
409306
48862
147170
147173
540390
540393
704237
540398
704238
5324540
245501
81663
278271
1982207
1982211
278276
1523461
278280
1523464
1523468
278285
278293
540445
376609
81701
376613
343847
376617
376620
376622
376626
1490742
1490743
376633
278330
278332
237682
638782
376639
81735
4407111
835400
6438733
835405
835411
278369
147299
868199
311145
376683
245612
376685
1458030
245622
245628
16265
245650
5980051
49059
245667
343975
81832
180136
343977
212907
212914
16307
278450
278452
212917
180150
212920
81851
212923
3030982
933832
81865
3030984
802762
212939
3030985
81874
180179
3030996
81877
3031001
180191
3031007
180194
81893
180198
3031014
278505
344041
180203
3031020
180211
180214
212983
245750
245756
4702205
245758
4702206
16387
5488643
16389
245765
311304
1130504
245772
147469
245775
16400
114705
4702228
245781
245786
245789
16414
245794
245796
6275110
245800
81961
6275115
245803
114736
245808
81974
704566
5488699
278600
245834
278602
6275148
245836
278606
245839
278608
475215
245842
278610
278612
1556559
278614
16471
475223
245848
278617
278618
245851
475227
6176855
540766
376927
376928
475236
6275175
6275180
6275181
475245
6275184
1491059
6275189
6275190
6275192
6275196
2703485
6275198
2703486
442507
442512
409752
2703512
2703513
49308
442524
16542
16543
245920
245921
49314
409760
245923
245927
475304
245929
475307
147632
311472
147635
147641
573626
573628
573630
147654
311497
180427
311504
311509
573657
311516
311520
2343140
6439143
213225
213229
311542
311543
475383
311545
2343161
16635
311548
311552
2507014
770322
16666
16667
246043
16669
16670
114975
16671
16673
114984
16684
114989
16690
16691
16692
16693
115009
16708
16709
147782
475478
475481
1917275
1032540
263842
3031396
1917289
263844
263846
377210
377214
377217
672130
263849
16775
672137
1819023
672144
377236
672150
377239
835993
377243
377246
835998
377251
836005
377255
541098
16829
115137
115141
147917
770513
967123
213461
541143
213464
442849
442851
442854
4801006
6177272
475645
541182
475651
541187
4801028
147982
967182
16913
147987
442912
6079011
442916
442918
148008
442920
442925
16942
148016
6275633
16946
16947
311860
442932
770614
311865
311868
770620
541247
541248
311873
770625
2933317
148038
2933318
16968
3523141
148042
148044
148049
148052
148054
311894
311896
311897
311898
311899
639577
836189
148061
311901
148063
410205
311905
148066
311906
639583
639589
311910
311914
148078
311918
17008
311923
82548
148084
6341238
541302
311929
758878
311931
148092
82557
311936
311938
115331
311939
410242
311943
311944
311948
213645
148110
311949
148112
311953
377490
115352
17048
410264
213657
213662
311966
115361
443041
148135
311975
148137
377511
213675
115373
311981
213679
148144
213683
213684
311987
311991
17081
115386
17083
311993
213694
410303
213697
213698
213701
115399
213703
180937
115409
541393
2048728
213722
115419
82656
115426
17122
967400
17131
279278
279279
541423
443128
410362
49917
443135
17152
148225
443138
17157
312070
49927
443149
443150
475922
82707
148243
344862
148278
17212
213824
148289
213830
213835
213838
115537
213841
115542
213847
115545
115556
115559
17256
115561
115563
115564
2933613
115566
115567
115569
213873
213875
115573
213878
213880
213883
213884
4899709
115583
213890
967555
803728
4899729
4899730
115603
2016147
115607
115611
115614
115615
115619
115631
115633
1590214
213959
3195858
345043
639955
377813
345046
639958
312280
115673
1164243
639964
115678
115680
213984
279522
639971
574436
279525
279527
115688
213992
345064
639978
279531
213997
279534
639983
214001
214005
3523577
214010
279548
345084
279554
279557
279561
115723
115725
17421
17423
279567
279570
279577
279584
2016289
279586
3752996
214054
214058
214060
279597
214062
279601
279602
214067
1066035
1950773
214071
50232
279610
214075
279611
279613
214078
443455
2016314
443457
2016315
279621
279622
214095
279631
279638
17495
279639
279644
279649
509027
279652
509028
574569
574574
279666
279683
279687
345226
279691
3622036
50330
1033390
1393848
214226
214228
476374
279779
115942
148723
443638
181495
148727
771329
17680
836883
148765
148768
2999601
378176
312641
509253
17735
509255
378184
509260
378191
509263
378193
116050
542032
17748
6309203
6309206
509270
17752
509277
83298
509283
509286
83310
83313
3032437
148855
509310
17791
509311
83332
83334
83336
83342
771482
771487
542112
509345
148898
509348
771497
3622315
5031340
3622317
17838
542127
5031346
3622329
509370
509371
1066426
509373
771519
4638144
509377
771525
771527
83409
3982805
116190
443876
443879
6145512
6145514
116203
509432
509439
509440
509443
378376
214537
17930
476687
476689
214546
542239
411168
312884
83512
312891
149059
312900
575048
214601
837193
214616
542296
214619
444005
444011
444014
50800
50802
444019
50804
50806
444024
444030
149127
444043
83597
444047
280211
280216
280219
181916
280220
444070
149165
444089
444090
902842
870074
83649
50881
1394369
214725
83654
542408
83658
83662
83666
444117
83672
444122
83677
83683
83685
83692
83697
771833
771841
640780
640781
640784
640785
804629
1558297
1558298
313118
378660
247589
214824
182057
280360
411433
18221
214829
247598
280367
5130033
280370
247604
524655
280376
247617
247618
247623
247625
247630
280402
247634
247636
444242
444244
247657
247658
51052
247660
247661
575342
575347
247668
247677
51071
247680
247683
247686
247689
247690
116620
51085
247694
247695
247697
116626
116627
116628
1853336
247705
608159
346019
116644
1296294
116647
1296296
247722
247726
247730
608178
247736
247737
182204
247740
575420
575424
575429
608198
575430
575433
575435
575437
6571985
346074
215010
346082
608230
346089
542698
346098
575475
346103
575479
280579
280584
378888
280588
280592
575506
18452
280597
444438
575509
575513
280602
444443
608288
575521
444451
575528
247853
247859
935991
935992
935993
935994
935995
215100
935996
935997
935998
247874
247878
182345
215114
575564
247886
575569
772189
706664
182385
182387
411771
116870
18566
1460388
379045
1460392
51377
542900
3983559
772311
3983579
182518
1132791
2967799
182524
182526
182528
182534
182537
182540
182560
182562
3426612
280890
641338
346436
346445
18774
6146400
18785
149865
5818741
6146425
18812
3492223
346506
1264010
2771339
3492237
4442511
346515
1493395
346519
5884313
84385
379297
379311
313779
313781
18873
477626
215486
477633
313796
313797
215496
215497
313800
18891
18892
313802
313804
477640
117200
215502
281039
313807
477648
313812
215509
215510
281047
313814
215513
477652
215515
281051
215518
4901347
18916
215524
149990
281072
215538
281074
215542
281078
215544
150009
281080
281081
150012
281083
575998
150014
215550
313857
576002
215552
313853
150018
215554
313863
576007
215556
281091
215558
281094
215560
215561
281097
281099
281100
182797
182798
281103
281104
182801
281106
215571
215572
281108
281110
281111
182808
182809
215576
215577
281112
18978
281117
281121
281123
281130
281132
182830
182832
182834
281138
182840
182841
182842
182844
182845
215612
182847
182848
313928
313932
313936
150097
313939
313941
510551
477786
313964
412270
313973
84598
313984
313986
215685
150157
5917337
805547
543406
805559
150204
150208
117447
19143
117450
2149068
117457
117460
117464
19161
117468
117473
117478
117479
117481
314096
19186
117522
641811
117540
641836
84785
52017
641841
510771
117557
707381
707386
740160
707394
183110
740171
1100625
1100626
412499
1100627
412505
412507
412512
346976
412515
346980
1100644
707430
412519
1100645
346985
412524
412532
412537
412539
314238
412543
412547
412551
412556
1133455
412560
117650
412564
183193
412570
412577
117679
904117
19382
150454
445368
445373
740285
871360
2116546
904132
281546
740298
3099597
281550
379855
52177
281554
445394
281557
183255
281559
412632
281562
281566
281569
904163
281573
281575
3001322
445419
281581
281582
478189
445423
281585
478193
281587
904173
281589
904174
281591
281592
543736
281594
281597
2444288
281603
281607
281609
216080
314387
445463
445466
445470
85024
85031
2935848
347184
347188
609343
609346
85065
85067
1363019
746354
52312
85082
52326
746358
52331
52337
838775
52347
19579
19581
52351
1985665
52355
52356
52361
19593
52365
85134
4672656
52373
52375
314520
52383
511136
117927
183464
216233
52396
183474
838839
3165371
838846
412863
347336
838857
412875
838860
838871
838875
838884
52455
183530
838892
183533
4869364
52509
2116899
281894
216362
216368
642355
183606
642359
183608
642360
19779
576836
576838
576840
1527114
238397
576844
576846
6442320
576849
740688
576851
576854
740696
445785
576857
576860
576861
85344
445795
445796
740707
85352
445801
85355
19821
85358
216431
740720
85363
445812
85366
1789302
1789304
445814
1789303
445818
85372
445820
445823
576895
445827
85381
707975
183689
576911
576913
19858
576914
118169
937369
707998
314784
85409
85410
85414
118183
118187
746424
19896
118203
642500
52678
118219
249293
249296
249298
347602
6016469
642520
118236
118239
5885409
347618
118244
5492199
347624
347625
5492202
347631
2117103
347636
118267
740862
839166
347650
347653
511495
642568
183817
19980
445969
511505
445973
511511
904729
249370
511514
445983
3788320
6409762
445986
445987
445991
445999
446000
446001
446003
642612
446005
216630
446006
446007
642616
446010
446011
1035836
1035835
413246
446014
1920574
446017
2674256
446033
2674260
183893
183896
314971
183900
3362398
2674272
2510437
2510438
2674277
740970
642676
2969220
6016650
446877
511651
4902571
4902572
2805428
4902587
282307
20164
6475461
282311
2510537
282315
282319
413397
20183
413414
413419
216815
413424
610031
216818
446196
1298166
413431
184056
1298167
216832
216834
249612
413465
413468
413471
446903
413474
413477
446904
413516
413518
413519
413525
184150
610134
6279000
4018009
610138
610141
20318
184159
610145
85863
610153
282474
610158
282479
282482
610162
315252
282486
610167
282494
282496
184195
282501
610183
282504
839559
610186
282507
282509
184207
282513
118675
282516
184214
282519
4181910
118683
53147
184220
20382
446365
118688
118692
282532
118694
282533
118696
118697
905127
282537
118700
118701
118702
118703
118704
282539
282542
118707
282544
118709
118710
151476
282548
413623
151480
282552
118716
118717
282554
479162
282556
118721
1953723
282561
282564
282566
282568
118731
118732
282571
479180
118735
282573
479182
315345
282578
282579
282584
282585
479193
282588
118749
282590
479199
118755
479203
118757
118758
479205
118760
1101797
249833
118764
118765
118766
86000
118769
118771
6180852
118774
118775
118776
118778
118784
118785
118791
217096
118793
446474
217099
217101
118798
118801
217106
118805
217109
217112
217117
53280
217120
217122
118822
118823
217126
217127
544809
217132
544814
3133486
217136
217140
217142
217147
938052
5460037
2674766
217184
315496
315500
544882
610435
20613
610439
20617
315529
118930
413849
118938
184476
413856
4935848
86187
118957
118965
5230779
446658
544962
544965
5525702
938186
217302
53463
5230807
217304
217307
217313
3231969
217328
217335
217340
217349
184584
479499
479501
479502
512269
479504
512270
479506
512272
512273
774417
217366
217376
217380
2281764
217384
2806066
271163
271164
184649
119118
271166
5722448
414037
2445658
271168
119132
2150749
119136
271169
381282
315747
381284
86373
381291
315758
807278
381296
282993
3035504
282995
271173
381300
3264883
315766
3035512
282999
381303
315769
3264885
283003
381308
3035511
315774
283007
315776
277688
446850
446854
381319
283015
119177
3428746
315785
446857
446860
283017
315791
119184
381322
446866
283018
119188
283021
283022
283023
119192
283024
119194
283026
283027
119197
283029
283030
315799
315802
119202
446876
119204
315805
53670
119207
315808
315810
446881
119211
20907
271184
283046
315816
2150825
283050
315819
283052
446892
315822
283056
315825
119224
3428792
283059
3428790
283063
315831
315832
283066
217531
315834
283069
119235
283070
315837
446910
446915
283076
283079
283080
119243
283083
283085
283087
283088
119250
283091
283092
807379
283094
283096
283098
283099
283100
283101
283105
283107
283109
807399
20968
283113
20970
283116
283117
283118
283119
381424
217584
283120
217587
283121
217589
381430
283124
283127
217593
381434
283128
53756
283130
283131
283133
283136
381441
217602
283140
283141
283146
381451
283148
545293
348686
381454
53776
283152
840208
283154
545299
283156
840213
283158
283161
21019
283163
348699
283165
348703
545314
348708
348711
348714
348716
545337
545338
53823
545350
545351
1888850
21083
21085
414302
3527262
119419
119421
2577029
643718
643721
21139
6247063
217770
217771
774844
512712
6574798
6574799
21200
6574800
4838097
283350
86745
6574813
4838113
6574818
86755
6574819
4838114
6574824
611050
4838123
6345452
447212
283375
447216
54003
217843
316151
3199735
217849
283388
217858
54023
4739847
316168
283406
283412
643860
250646
643863
6148888
250658
250659
250662
250667
6574893
3429168
6148913
709431
119608
6574911
4838209
250690
250692
250694
250695
217929
250700
250701
217934
54095
4838223
250705
54099
54101
250709
54103
250711
250712
119644
54108
381789
643934
381795
54116
709477
3756901
250727
6345578
381802
840556
840558
840562
381818
447368
447372
447377
250774
250777
21404
250780
250781
538313
512932
5329829
54200
218041
2839483
283581
283582
218050
283589
283593
54218
54223
218077
185310
2708456
381946
513028
21516
513039
218130
21523
21528
21531
250910
1365043
21567
3167303
2937927
218203
1332317
119903
2937954
218216
447620
152727
185497
152730
152733
513183
349349
185511
349353
251059
152758
152764
251068
152767
21699
251075
152773
251077
87239
251079
316617
251083
742606
1430736
87252
742613
480473
742617
480479
21730
513252
21735
87272
742631
21738
709864
709875
152827
447741
709885
447743
447745
775426
447748
447749
709895
447752
5821703
447754
447756
447757
447758
447759
709900
775437
447762
2675981
447767
447768
447770
447771
6378780
447775
6051104
742689
709923
185646
21819
841034
1365322
1365327
447845
447849
447854
480624
644470
447866
447867
218497
382344
578952
185742
415118
415122
808351
415139
775588
21926
21929
3397035
2348478
349651
87508
153044
284118
349654
153050
349659
185821
87519
153056
251370
2348522
251372
284141
153071
251375
284145
284149
251383
218617
284154
218618
218619
251388
218621
251391
218624
284156
284161
218627
284164
218629
218630
284166
611842
218633
218634
611847
480780
480781
382478
480782
54801
611857
742933
153110
513561
742938
153117
513565
513567
153120
382496
513568
153124
153125
742949
153131
251452
54859
382539
382543
611923
22100
611925
382551
513625
611930
382557
611935
382560
382564
611942
448104
382569
382570
611945
611949
22126
382575
382576
382584
415353
54916
5527181
448146
448150
1005209
448155
5527197
448162
22180
22181
153253
284328
1037994
1037996
54959
1038000
1038001
1038002
1038003
251572
1038004
87741
251588
251589
54983
87753
251593
251596
448205
251599
448207
251601
251602
251603
349913
251614
251615
251617
251619
251622
251624
251625
22250
808681
251628
251632
251633
251635
153333
251638
251642
251643
218876
251646
251648
251649
251655
251660
251662
251663
218896
251665
251666
415507
218900
251668
251672
251675
218908
153373
251676
251678
218912
251681
4151067
251683
4151074
251685
153382
251688
251691
415532
415533
415536
415538
513843
415540
153399
415543
251705
251706
415546
546616
415551
251713
251714
251717
251719
251720
251721
2578247
251723
317261
251728
284496
251730
218965
251735
5101399
218972
251745
2578281
2316140
448371
448373
448375
644983
6313850
120702
2742144
1202067
1202072
546719
579490
874402
513957
579494
579496
579500
579501
5756851
579508
579511
579513
219069
317373
513981
219072
219080
219082
219085
546778
120795
120798
120799
514016
579553
120804
579557
579562
120811
940011
579569
88062
120836
88069
88075
120844
120849
448531
514073
546843
514075
120861
120862
120867
22568
743469
120878
88111
251951
88117
481335
219192
677943
120890
88122
88124
481341
88126
88128
5756994
88134
88138
88139
22605
251981
5658714
2873438
2873439
383074
2938986
186490
2939009
186498
88205
645262
88212
22677
1202326
1202327
1202328
1202329
1202330
1202331
1202332
4020375
5986459
546983
546985
546986
383162
383168
514249
2218186
22731
383198
645342
5986531
448756
415996
415999
22786
416006
743689
416014
416022
6543640
416025
416031
252193
252197
416037
416039
350504
809254
416046
252207
252208
252210
252211
252214
252216
284985
416059
252219
252220
252222
252223
416064
252224
252225
252226
252227
252228
547133
252231
416072
809280
416079
416083
5790043
547166
514399
88417
547169
547171
547174
153968
514419
514421
514422
5986682
514427
514431
514432
55689
317833
317838
317841
481683
481684
481685
547259
514495
6085057
809415
514506
514510
514512
514513
23001
23002
23003
23004
23005
252378
252380
219621
416239
55793
645621
121351
121355
875032
2480669
252450
5200429
5200435
186933
318005
449088
416322
252487
252490
186960
186963
186964
186967
186971
186975
186977
186978
678500
186981
6150759
186984
186986
186988
186990
186991
186995
449142
186999
187004
206504
23167
187007
350849
187012
449156
350854
187017
481929
350860
449164
481935
187024
350865
187026
350869
187030
678553
187034
252573
187040
484160
187047
187053
187056
449202
219829
187062
23231
613063
2644681
56011
2644695
4741849
449242
2841310
514792
514793
514794
514795
514796
514798
514800
514802
514803
3693305
1465082
3693307
350975
1432321
1432322
1432323
1432324
350984
416523
350987
350991
350993
350996
1760021
350997
23322
449307
351007
1465119
5528352
351011
154412
514873
154430
973633
973634
449347
973635
973636
973638
154439
514888
973639
3365698
514893
154448
514903
5856092
154462
449383
154480
1923958
1923959
1923960
449405
154497
56194
449412
6380424
482191
449423
809871
482194
482195
449429
580501
482199
449432
449434
285596
351132
449436
318367
809888
285601
351138
318370
449443
449444
318374
1924004
449448
318377
351146
1924007
89004
449452
351150
318383
154545
449457
154550
449463
23480
154552
285628
515006
318399
154560
318401
187332
187333
56262
154564
777172
154585
777181
23519
23521
318437
449510
318441
318445
449517
351217
318449
220147
449524
449526
318455
449530
318459
318464
6380550
318472
56329
318477
613391
613397
613401
810012
613405
613407
318496
154658
318504
810024
285740
318510
285744
285746
285750
318518
744504
285753
318523
23614
23615
744513
154691
744521
318538
1334347
121932
1334351
121936
121937
121938
5004369
1334355
121942
121943
318551
121945
5659740
121949
220253
121951
1334365
121953
220255
121955
318560
121957
220257
318564
220261
220262
121962
220260
744548
318569
121966
220266
121968
220267
121970
220270
121973
121974
121988
121989
220296
220297
121996
220300
220302
122003
122004
122007
220312
220316
122013
220320
220336
220339
23733
548021
23736
220344
220348
220350
23749
23751
23756
23761
318692
515311
351484
482557
843007
679168
679174
449819
187682
2121010
286003
154938
1826106
23877
23878
23879
23880
5692743
843088
4808054
187791
122261
974258
777651
23990
23991
23994
777660
449981
24003
351694
351695
351696
351697
351698
351699
351701
351702
122334
5725674
384503
417282
384517
5398029
1760784
1007132
1007133
24095
1007135
1007136
1007139
6315557
5692966
5201447
319016
1007144
2612780
319021
1007149
2612781
1760826
548416
548420
548422
876127
876128
450147
876134
876136
24171
450155
876152
646778
646779
646783
2645637
450182
319113
450188
450193
450197
450208
24225
745121
24228
188071
646845
319166
253633
319171
319175
220872
4873928
319180
319181
483022
319186
89813
319190
4873944
89818
319195
417499
319199
319202
319208
679657
89839
679663
319216
89843
384755
319221
319223
89858
220932
220943
220945
220948
220952
515865
220956
614173
2645789
220960
24356
614180
6053670
89895
220967
89901
220977
89906
220981
89912
220985
220987
220988
89918
220992
220994
6315868
6315886
417646
417648
417649
89970
417650
6315895
6348668
5267327
3170177
679809
89989
57231
319375
90001
90004
319380
319382
90007
2842518
319386
90011
319388
90013
90016
319392
90018
319393
548772
57253
5267368
778153
548781
417715
384949
24506
24514
24533
548836
221178
221182
221183
221184
221186
221188
3104773
352265
24588
811037
253987
581679
581688
4317244
286782
811074
647236
286790
352328
5267529
5267533
5267537
286802
286805
286810
1531996
286813
24678
2973798
5791846
5922918
450671
450673
90230
909430
24699
286847
319615
319623
3530889
319629
450703
90256
319632
221338
221341
221342
286879
221345
221347
221348
221349
286883
516259
516265
516267
90285
6153092
4251833
155841
155843
516294
516299
319694
2973903
516304
385234
385236
155861
123094
123096
155866
123099
155870
385247
385253
418035
418051
221444
418054
1204486
418058
24851
221459
221462
221464
221466
221468
418076
778524
221471
680226
680234
418098
876851
155956
418101
876858
385340
418110
385342
385344
385345
418113
418115
221508
155973
418119
876871
876873
57674
418124
6185292
155983
57680
385367
680279
385369
24925
221533
385375
385378
254308
385382
3236199
385386
2679148
385389
450929
385394
385396
811381
549238
2744696
123258
319868
5628291
221572
680325
352649
352653
352654
123281
811411
123285
24981
352665
811422
123297
24993
811425
123300
811431
25002
25003
123306
25005
25007
25008
123313
25009
549299
6283703
3727802
123331
549321
123339
221653
4874726
123369
57835
287218
188915
6283766
221687
221689
221692
90622
549376
25089
647681
745992
25104
25107
549395
25117
549405
188959
188960
90657
90660
2941476
188965
2941477
549416
188969
188970
188971
188975
188976
188977
549424
188980
188981
680500
188983
3269181
25150
25169
647765
516696
549467
57948
6185565
549472
549475
57956
549480
57962
57969
57983
6153188
2777760
746155
25262
25265
25269
746166
680633
352954
385723
5563066
385727
352960
189123
352968
352974
25298
385752
385758
385759
778975
385761
189155
385763
385765
778979
287464
778988
287471
287472
287480
287484
287487
287490
287493
287495
287496
287500
1303309
287504
3695376
746258
1303315
779040
746279
254760
746282
58159
254768
254771
287539
1303349
287540
254774
287543
254776
287545
254778
1303347
1303348
254781
287550
254784
287552
287553
58179
6185796
123717
254787
254788
287557
287558
254791
254793
484164
287563
254796
254797
287565
484168
484170
254801
287569
254804
287572
287576
287578
25436
287581
25438
746335
320353
746337
25445
320357
25447
6153064
287590
287592
254825
25452
320361
25454
25455
287595
287596
320363
287598
6153076
254831
287599
320366
254834
254835
287604
189301
254838
254839
287609
254842
254844
254845
189310
254847
287614
254849
25478
189314
254851
254852
287618
287622
254856
287625
680843
287628
680846
287631
746383
287633
287636
254870
254872
746393
746394
6153112
254876
6153118
254879
287647
25505
254881
287650
254884
287653
254888
287656
287657
254891
287659
254893
254894
484271
254895
91057
746417
287661
189361
58293
746422
254898
254899
254900
189365
254903
287667
189372
189373
287676
222143
222144
615362
254915
222148
222149
222150
222147
746435
222155
222157
222158
222159
844750
222161
5694415
189395
222163
222164
222166
746452
189401
222169
287705
189404
287707
287710
4645849
25568
25569
222176
222177
189410
222178
746468
123879
6153187
189414
222182
746470
222185
123885
418795
222189
222190
6153200
123890
222193
746483
746491
58365
746494
25599
746495
222210
58371
287746
517128
517131
517133
517137
517139
418838
517142
418840
189476
1613782
5825582
517182
517184
517185
517187
746569
25679
386128
746577
746583
746589
25694
25695
25696
25697
25698
25699
5825630
25701
844897
746602
222317
451693
255088
451696
451700
746612
91255
517241
517246
746622
255112
2417800
25739
25740
746639
451728
746643
222359
746650
1729696
746660
91307
451756
91310
25774
451758
91313
451762
812215
451769
746683
25795
25796
353484
451791
25809
353491
746708
91349
58583
25816
582888
58604
58605
58606
746732
189678
91378
419071
58626
124163
25859
1271048
6186249
91403
91406
91408
91409
91410
1336592
419093
25893
746799
746801
746805
746807
746808
746810
25934
4908366
25937
25940
4613460
25944
25945
746844
25949
58719
320863
25954
58723
320866
6251874
25958
451938
58729
451945
451947
615787
58733
615790
58736
615793
451954
320884
615796
58742
615798
746872
58746
25978
746879
353669
320906
25995
353675
451981
353679
1172879
26001
353683
353689
353692
353697
353698
353701
26024
353704
746921
353706
452012
91565
353710
746926
353713
484785
353717
1664438
124352
1271233
746957
452048
746962
157139
1074645
26070
648662
452056
648666
681434
222686
26082
452066
6088163
452073
452076
681452
746992
452081
1009138
91636
1730036
5989878
1009143
26109
26111
26116
26117
583174
26123
517648
583184
583193
583198
26143
4154917
189990
845350
747049
189994
747050
6088239
747061
747074
353860
353861
255559
419403
419405
222803
5498469
747124
124533
124541
288381
747135
288384
288385
2614914
288388
288392
288395
288404
747157
288408
747160
288410
288415
747167
288417
747169
517795
288422
26279
747176
288426
26286
1861295
288432
747184
288437
747189
288441
747193
747195
288445
419517
288449
747202
288451
26308
550598
550600
288457
550602
288460
550605
288463
550609
288466
485083
485088
91874
1861348
288487
222955
485101
26369
321290
452364
5924624
485141
26392
26393
26394
485144
485146
485148
583457
26413
26414
4417325
91952
5924670
223043
223046
190284
419667
26452
190294
223066
419674
714587
223070
2877280
223074
485219
419685
485222
26471
747366
223080
419691
419695
26481
419698
419703
419705
419708
6350721
419713
419723
419726
6350753
550817
419752
157611
419759
288692
419764
190391
419769
624003
419776
190401
419783
419787
419791
485327
518097
26580
190420
419796
223190
2844629
223193
419801
3827676
2844637
223198
223213
2713589
452599
223224
223225
223229
3008520
223243
649230
550928
976921
223260
419873
419879
26664
157745
26689
682049
3139659
419920
387153
643572
2254949
551019
256114
157812
256118
256123
157830
6154376
518299
518300
518303
387233
518305
387238
485547
518315
518317
190638
518319
518320
26802
518322
518324
6154421
518327
485560
518331
518335
518338
518344
518350
26833
26834
518356
518360
518377
518378
452845
2779377
452851
452853
452856
354553
26875
518395
518397
2648318
518399
551168
452865
551169
649482
125197
649485
649490
125204
387352
467764
649503
5204255
3533089
649507
190764
467768
846132
125246
256320
256323
813380
125257
256330
6089036
125265
125269
3696988
256363
256365
518510
5761391
256370
518514
518518
518519
387452
387455
387458
387460
387462
158090
59796
321945
256410
354714
387483
256413
387487
387491
256422
387494
256426
1862060
256429
256437
780726
387511
256440
158137
289208
256444
158141
256446
256450
256453
5204421
256456
1599945
1599946
256461
256464
27090
977362
256467
1075667
256473
158172
158173
256478
780768
256485
1599975
780775
256489
158186
1894891
158189
158190
158193
158195
158196
158199
158200
518647
158202
158206
158210
518658
158214
190984
190986
904175
5597717
5597720
5597737
617002
617003
191021
617005
715312
715314
125499
715323
125503
256580
322117
322119
1010247
322122
322130
322135
322137
5597788
322142
322144
322149
256620
92781
92788
420469
1272445
92802
780930
191112
191122
354965
223894
2517657
223900
191134
977567
27297
223906
289442
191141
223912
322216
780968
223916
322220
289454
617133
223920
322224
223922
223923
617139
322229
223926
223927
322230
27321
322233
453311
223937
223940
223943
223945
289482
223947
2943689
223949
223950
223953
223954
223956
1174233
1567457
355046
4647655
355055
355058
322290
322303
60160
387850
289548
60178
4352790
3631897
224027
355100
224030
355112
355115
355117
355118
289583
27445
715580
5892925
125770
1108813
125779
125783
125788
519006
125791
125797
191337
125803
813935
125809
2222963
5303162
191357
191360
322434
420743
322445
191374
420751
781200
2222997
3500950
125847
420761
125852
781215
125856
125857
158624
388001
125861
781221
748462
748463
2223024
125873
420790
420791
125880
125883
420795
191420
125886
420796
420799
4385729
191426
1469378
125892
191430
289734
420809
125898
1469385
420813
1469389
420815
4385745
1469393
125908
4385750
125913
519129
519132
93158
93160
4385769
125930
650224
519156
650229
27649
125956
125958
748551
125966
519193
93221
519211
2059315
257086
257087
551999
1141824
1666121
3370062
5270622
126060
158850
257159
257161
257163
257165
781454
257167
257169
748690
388244
257173
27798
27799
6581398
257175
257176
257177
388252
27805
388249
224411
257179
224413
224414
224415
224416
224417
224418
224419
257186
224422
27818
257188
257193
257194
388268
748717
257198
257201
6581427
257203
388275
257206
748724
257208
224441
388282
257211
748727
388285
224447
224450
224452
224455
224456
748743
224460
224465
224466
224468
224471
224474
224477
224479
27882
27885
27889
355591
191770
191773
191776
191780
257317
191784
27949
257326
60727
257342
257344
257346
1666371
191835
60764
191837
486749
191839
191840
191843
191845
191846
191847
191849
191852
191853
191857
191860
191863
191864
191866
748925
978302
978304
28033
257411
257413
421254
421256
421257
28042
454026
421259
552331
421261
1469834
421263
552335
355732
552344
257440
2551207
3698101
93626
5795259
748989
2026943
93632
912837
2059718
93639
60873
60875
60881
60883
224750
4222456
388608
650752
60935
650767
93722
421403
60970
618026
257580
60974
93746
60979
355893
224823
355900
421438
355904
355912
192075
28236
355918
192079
61008
355923
323155
323158
355927
683607
323161
683610
93787
61019
355933
126558
93791
323166
6450784
355937
323169
421472
421474
93798
421476
192102
192103
126570
421477
192105
421478
421480
421479
192109
421485
421487
192112
421490
192122
192126
323199
323203
192133
192151
93850
3010202
3010210
61113
159431
1011399
487116
487120
257755
257757
257758
257760
257764
257767
257771
257773
6352623
257789
421639
2027271
519946
5369613
3993362
159509
126742
225050
225052
225056
225063
323369
126762
421674
323374
126767
323378
126771
356147
421684
126774
323382
192311
356152
323385
323388
356157
356159
356163
323396
323399
257867
257868
257876
585557
323415
323417
323423
5697379
323430
323433
421737
257899
683882
323440
356216
683896
356218
683904
683908
3010436
356231
126860
6221710
356239
356242
356244
126870
126871
126873
126878
454566
126894
126896
126903
552888
126909
520127
126912
290764
290765
552909
290767
126928
552912
290769
290771
290773
290774
126938
290778
290779
290782
126944
28641
126945
290784
126958
6352879
126963
126965
126969
978938
126972
389123
290832
323601
290834
290838
290840
127001
290842
290847
290849
978977
421924
290854
225320
290857
225326
225328
5697584
225330
520243
225332
127029
323637
5697586
323639
225337
225340
323644
225343
323648
225345
290881
225347
520260
553029
225350
127047
323654
520262
290889
225354
290891
520263
520261
520265
520271
520272
290897
192594
225362
192596
323667
290902
520275
520276
520278
323675
290910
323681
290922
520298
127084
127085
520299
520301
225390
520302
520304
225393
290931
290932
258166
782454
225400
290937
930555
290945
258178
290950
28811
28812
28813
28814
290955
454796
290957
225422
979088
290963
290969
290971
28829
290973
225440
290979
290980
356517
290983
290985
290987
979120
1994935
323776
1175744
291010
2617537
225476
2617539
28872
880844
291021
291030
356573
28894
291038
192736
291042
291043
3174627
291049
291051
291054
291055
94450
291058
291061
3174647
3174648
1732857
192764
28926
94495
1732898
94507
225580
356670
94529
225601
225604
225606
225609
94549
291162
5697882
94564
4734131
291175
291179
979312
3371395
455060
356767
2847137
455080
225706
258477
258480
979377
258482
258484
455093
258487
946616
946617
258491
258494
258495
258496
455105
2945470
225731
160198
258503
258507
258509
258512
258514
225748
160218
127452
225756
160221
455133
455137
192994
192999
455143
455144
193002
29163
61932
193003
455149
193010
455155
193012
455156
455163
193021
455166
193023
455168
29185
193025
193026
193028
193029
29191
193031
455177
455179
29197
455185
29208
94757
3011109
160297
225838
94772
29240
29241
94778
29243
29244
29245
29246
29242
160322
127560
422476
29265
422484
717406
225890
553574
717414
717417
717420
225918
225919
4616833
94869
94877
29357
29364
3895999
2650823
193225
357070
193231
29395
193235
226006
193244
193247
2093791
193250
422634
422636
3896044
3896045
422640
291571
226036
226040
488195
488204
29454
226062
553760
2814764
127797
127803
717635
5010243
5010244
226119
29522
160597
29527
5534552
62297
62298
160602
422756
62309
947049
226160
1897333
1045378
1045379
127885
586642
29588
586644
193440
553900
422834
422838
258999
2945985
2945987
2945988
2945990
2946019
521208
914429
2946054
619528
619531
521228
619535
521243
4617243
455711
455715
455720
455722
455723
554037
685128
685133
685145
423021
423036
1700992
423042
423044
324745
291989
29854
423071
292008
29875
423094
62648
128188
292030
423102
128196
1995973
423122
6386903
423129
423135
423143
128239
292080
619760
619762
586999
62722
423179
455958
455959
423192
423198
3142943
259360
423200
259364
423206
29996
423213
62768
62772
259399
259402
62796
30029
259405
259409
259416
259418
62812
259420
259424
193890
259426
292198
259430
292201
947571
193924
928596
193930
1078676
1078678
1078682
390558
226720
292256
390561
390562
390564
161189
390574
390577
390579
390580
928598
292284
390596
488903
488905
390604
292302
488910
226768
390609
390617
390618
1078746
226780
390621
488924
1078748
1078751
1078754
390628
1078756
1078759
1078762
390636
1078764
292334
6157808
390642
1078771
1078773
30199
390647
390648
390649
488956
390658
390660
390661
390663
390666
390669
390674
390682
30237
390686
390689
390694
1766950
390697
390698
390699
390701
390703
390704
2192944
390706
2192945
390708
390709
63030
521781
2192946
30270
2192964
4585032
489036
489037
5633617
751186
30305
5273185
5273193
5633648
226931
751220
2193012
226934
3274366
2782849
30355
30361
63160
5895866
5895874
227019
456400
63190
489179
489183
63201
358117
194281
2793570
3962610
751354
620287
521988
554763
751389
227102
96035
227108
554789
751425
948039
620371
423769
423772
423806
423812
2979718
423818
522123
128908
423822
194455
423836
423839
194464
194468
423845
423852
751537
96186
292796
96192
292801
292803
292807
292809
751562
292813
6551502
358351
292816
325585
63442
751567
2750415
325588
292821
292822
554964
292825
161754
292827
325596
325595
325593
161759
358370
30693
30694
30697
620527
63474
161779
30716
555006
555010
653317
1177608
1177609
1177610
30731
653323
3405834
63502
423952
260115
423956
653331
751638
1177623
1177624
423961
30746
161822
423966
423969
161827
161828
161831
423975
423977
2390055
161837
1177651
1931322
260157
260159
3373122
260163
260166
260167
358472
391242
358475
260173
358478
129103
260175
260176
129106
260177
260178
391249
522319
358485
522321
30809
260183
358488
391255
260188
30814
358492
358495
358498
391267
260196
30821
358501
260198
5797987
30826
260202
30828
260204
456812
260207
456815
456816
522360
194683
358523
358526
194687
358528
194690
358530
1013895
1013896
194697
555159
260248
555160
260250
129179
1013915
555165
555167
260256
260258
260259
555172
129189
30886
1013924
30888
555179
2029741
260272
555185
555187
1276083
260277
1276084
260279
260281
260284
585791
161987
161993
96461
194767
161999
391379
1603801
129245
260320
260323
260338
162035
260340
1276146
162039
260350
2750719
260352
424195
424197
2488584
751883
489740
424210
489747
456978
686357
456982
489751
456985
227616
31009
489760
31012
1407268
227621
424230
456997
31017
489767
424234
555306
31021
1669419
555309
2135882
522547
31028
489780
31030
522548
31034
522554
522556
31038
162112
457024
457026
522561
1276224
1276225
522566
129354
162123
620884
31062
620889
129370
129371
424284
620895
620904
620907
620910
391542
293242
391548
1276284
752001
1210754
391557
1210757
391565
489875
391577
391580
391586
424356
391592
391604
489909
391612
391616
358849
391620
391628
522703
391633
522711
522716
1472999
3340784
63990
326152
489993
326154
6158856
326157
326160
490000
31251
326163
326165
326166
326169
326170
883226
326172
2193953
162338
260654
162352
6584889
490056
227938
96872
64104
96877
490093
490094
96886
490113
424591
752274
424595
752282
752294
359086
1309364
588470
588474
588476
817852
588482
424644
588488
359113
588492
490192
31441
588498
752344
588505
424679
424682
752363
5700330
424686
752376
752378
523005
555774
555777
555780
391941
555782
228107
260875
588555
228110
555795
555797
555800
555802
555806
228132
228134
228135
228140
228141
228142
228143
228144
228145
228147
228148
228150
228151
228152
228153
555830
228155
555833
228157
555835
228160
228161
228163
228166
31566
129879
129888
31584
490340
490342
1375078
1375082
490347
1375083
1375086
1375087
1375088
1375090
228216
1375097
1375098
1375099
1375100
981895
621451
850838
6224791
850839
850840
392098
555939
1375139
490405
1375140
1375141
1375138
261040
261043
261046
1637307
261051
490429
1637310
261054
261056
1637312
261059
261061
162761
261065
1637322
261070
1637328
326615
752600
326618
261085
326624
326625
752611
326629
261094
261098
556010
2358251
261102
31728
261104
261105
5078001
261108
457720
261113
261114
457723
261117
719872
261121
261124
261126
261129
261133
1735704
1735706
523290
523295
523297
162852
523301
162856
523304
162859
162860
523309
654383
654386
195636
195637
162875
523324
195645
326720
523328
326722
195651
523331
807408
807409
2292800
523336
261193
326731
326732
326733
523339
523343
326739
326742
228445
326750
523360
326753
523362
326755
326756
31846
326758
523366
4127848
326761
752747
490604
31855
523377
916602
916603
31875
326795
392356
1309865
785578
654507
654508
4619433
654511
654513
654516
654517
654525
195774
64703
195778
195779
392388
195781
392386
490694
195784
654532
195786
490699
195788
589007
392402
195796
392409
195803
392412
97502
392417
392420
6323429
3636460
3636464
31988
6323445
392438
621814
392440
752890
2358522
32005
621834
195851
6323469
195853
621838
32032
589095
6585642
163115
195884
195892
752949
785725
2030915
228677
294216
32073
1146207
32110
687476
163190
687481
687484
687486
32141
359824
6585745
359826
1441168
359828
359830
818583
425369
359834
884131
753067
163247
228785
228788
32182
228791
196024
196025
196026
228794
196029
228797
228798
425408
228801
490946
359876
228805
425412
425413
228808
1670599
228811
196051
228820
196054
523737
196069
228840
32241
228851
261621
654843
753148
654846
654852
1080839
1080845
1080846
1080847
1080848
2883100
1179166
1179167
228898
228899
228900
359973
65063
359978
359979
359980
359985
1179185
359987
1179188
359990
1179190
1179192
1179194
1179195
6323773
1179197
1179204
1179205
1179206
228935
1179207
327252
327256
65122
327266
2948706
228964
228967
327272
327274
1441388
5865070
228975
5996143
327281
5996147
327300
327304
5865096
458391
458394
458397
163490
65188
1998501
458413
2162376
458449
458452
327383
458457
98010
294622
5537504
3342050
130789
130791
294632
294634
294636
818924
294641
229106
425717
32502
294647
294651
294652
5996284
294656
294658
294659
294661
556806
556808
556809
294666
556811
556812
294669
163599
294672
5996305
32531
294676
294680
98073
294683
556840
5996328
5996332
556845
556848
589628
5996374
32604
196461
556911
556912
196465
196466
556913
196468
556914
196470
556915
589679
196482
589710
1310609
425875
524191
196515
196523
196527
32689
196529
196530
262073
229313
196546
229320
2654196
262140
820624
