MDR_REPORT_KEY
377170
1888850
6559362
6331760
6497135
6257136
6257136
6378780
6247187
6567317
6460137
6323445
6293034
6498277
6247160
6460158
6567310
6567310
6572184
6323429
6341238
6309203
6247063
6584653
6315886
6597657
6574813
6574824
6576687
6571801
6309206
6551502
6498449
6315557
6497135
6574800
6304052
6323298
6434492
6449986
6574813
6574818
6595799
6247187
6567317
6574799
6574799
6395062
6247152
6331755
6315868
6574824
6545873
6323469
6233845
6428377
6574819
6545873
6540530
6498283
6574798
6315895
6460137
6544056
6551502
6460158
6574818
6574819
6352879
6460781
6247187
6497172
6574798
6574800
6559362
6567317
6567310
6567310
6572184
6571801
6574813
6574824
6576687
6584653
6597657
6551502
6574800
6567317
6574799
6574799
6574813
6574818
6595799
6545873
6574824
6540530
6545873
6574798
6574819
6544056
6551502
6574798
6574800
6574818
6574819
6559362
6567317
4385745
6567310
6567310
5551762
6572184
6571801
6574813
6574824
6576687
6584653
6551502
6574800
6567317
6574818
6574799
6574799
6574813
6595799
6545873
6574824
6540530
6545873
6574798
6574819
6544056
6551502
6460781
6574818
6574798
6574800
6574819
2112878
2097844
2218186
2390055
2027271
2222963
2150825
2348477
1982207
2348477
2210614
2210616
1985458
2210612
2210610
2140645
2030915
1976502
2025987
1976511
2338306
2210599
2210597
2163717
2210600
2162357
2038987
2210613
2016289
2162376
2121010
2369793
2210596
2341597
2119775
5820743
5820743
6153188
5894468
6177002
6177062
5670826
6145512
5708570
5991152
5597717
5597737
6191866
5659740
6176674
5644581
6011867
6153182
6142978
5940718
6199283
5880065
6148888
6153200
5488680
6022096
5531532
6176705
6176730
6176886
5708519
5788476
6148913
6135580
6180550
6177211
6153112
5551762
6011951
6176674
6176855
5864951
6146425
6037704
5719833
6176798
6176804
6148888
6153064
6153076
5924670
6144474
6177272
6139164
5620587
5607727
5672723
5904549
5904549
6177211
6153112
6176830
5994929
5844861
6196606
6011951
6176870
6176870
5864951
5665954
6146425
5697584
6011928
6011928
5940718
6143087
6176798
6176804
6158856
5620649
5612275
6153200
5820703
5894468
6011770
5531532
5531532
5596175
5488699
5607727
6167285
6157808
6177062
5670826
6145451
6143032
5991152
6153118
5697586
5659740
6145514
6064624
6011805
6153182
6142978
6167248
6153092
6023404
5488680
5488680
5820703
6139164
5620587
6167285
6167285
5896408
5440576
6135250
6106201
5672723
6011872
6153118
5595588
6191866
6191882
6176648
6176855
5864951
5759530
6167248
5695364
5690994
6199283
6153092
6011849
5834667
6037732
5962723
5962723
5488680
6022096
5820703
5894468
6011835
5596175
6176705
6176730
6177002
6141438
5670826
6145512
6143032
5904549
5991152
5991152
6176830
6196606
5901883
6176648
5864951
5896122
6051104
6011805
6142978
6167248
5719833
6143087
6143087
5896385
6139636
6158856
5956972
6153076
5620649
6153187
5936530
5912356
5350320
5531532
5596175
6176886
6177272
5343961
5803927
5922918
5922918
6157808
6141438
5793065
6148913
6145512
5935521
5697586
6145514
6106949
6146400
5697584
6176965
5697379
5697379
5691027
6011849
6153064
6144474
6153187
6153188
6011835
6011770
5884313
5644586
5620587
5708519
5725674
5725674
5821949
6011872
6143032
5846890
6145514
6146400
5759530
5759530
6011867
6176965
5695364
2551207
2517651
2460557
2561733
2722353
2822645
2883100
2617537
2633100
2469845
2888498
2702764
2844637
2708456
2459139
2718829
2622560
2888498
2564353
2722372
2578247
2578281
2827074
2873438
2648318
2645572
2834717
2766557
2786161
3031007
2933317
3428755
3030978
3070387
3134124
3030978
2960519
3199749
3030982
3487125
3095897
3134124
3165371
3405834
2933302
3474087
3031001
3165371
3031014
3357026
3340784
3030985
3170177
3269181
3376330
3405834
3134127
2903656
2930345
3487123
3011109
3134127
3199749
3357862
3487103
3023802
3030984
2967799
2948706
3134124
3291691
3519392
2933318
2933303
2933303
3134127
3390404
3530889
3896044
3738245
3642248
3946570
3693128
3895999
3946569
3693307
3611913
3636460
4046827
4037715
3693307
4046827
3725777
3874163
3946563
3642249
3636464
3827678
3827707
3827678
3946570
3827676
4250989
3738245
3693305
3693305
3827676
3642248
3827677
3642247
3883660
3611928
3883642
4300460
4838209
5186386
5108565
5067426
5048951
5286885
4899729
4746574
5205296
5088633
4385750
5054360
5285719
4742777
5331748
4385762
4859987
5108543
4648716
4791712
5105218
4922479
4616833
4702227
4432002
4702228
5205296
5108543
4648716
5155756
4385745
4616833
4957654
4491671
4899730
5108543
5286834
4600131
4899709
4702205
5098529
4385749
5048951
5130286
5049277
4433965
5230911
4553419
4385729
5222818
5088633
4902572
5138318
5286954
4600131
4957654
5054360
4672657
4974939
5130286
5098467
5155756
4702227
5286954
5108543
4974939
4399502
5108543
5286954
4680690
4732544
4385769
4702228
4672656
5285719
5285719
5098467
4665224
5061707
5270622
4902572
5092043
4720409
4730396
4902572
5285827
5286885
5108565
4739847
5230911
5138318
4922455
4730396
4541872
5098529
4688919
5067426
5285719
5286834
5078001
4957654
5306250
4672656
5186386
5222818
4742777
5088633
