MDR_REPORT_KEY
536034
554747
512990
541092
165524
170484
168701
167596
161108
154255
167270
216810
213933
237834
205035
565923
627357
591594
652989
566255
591732
610643
617488
647043
619285
602425
566213
571205
653650
289208
281812
265823
281806
300962
274189
302157
303076
270419
350968
356731
336264
349472
311970
317227
344708
340463
427038
424037
427861
429482
427876
412395
380131
397290
393506
413464
400160
437253
458945
461792
502973
739426
742513
769562
774485
798011
663059
658351
769406
719734
739834
685664
658343
770499
757957
685646
747152
733010
845130
965803
874745
959768
967711
914487
843579
817235
839065
820235
924367
1853336
1754258
1570763
1672748
1894313
1789915
1789915
1770188
1753295
1824162
1932017
1472993
1584188
1649734
1782328
1289565
1789887
1259546
1638214
1680374
1705992
1789887
1789904
1789904
1460832
1572127
1922913
1863741
1876684
1765073
1862881
1530859
1911091
1782328
1932015
1932022
1672768
1932019
1572128
1863697
1863700
1911091
1876684
1890095
1888850
1081419
851326
1136875
1212223
851326
1064244
1078924
1209079
1224186
1187640
1018997
1060667
988903
973248
1015888
6537228
6559362
6471476
6315557
6331760
6331755
6497135
6397291
6266515
6235220
6257136
6257136
6314381
6571801
6378780
6247187
6567317
6460137
6323445
6293034
6497048
6498277
6233845
6247160
6247160
6460158
6315868
6600197
6567310
6567310
6572184
6460781
6323429
6323429
6378780
6487155
6341238
6537135
6323469
6559013
6309203
6247063
6247152
6584653
6315886
6315886
6428384
6597657
6574813
6574824
6595799
6576687
6571801
6460781
6593618
6309206
6551502
6293034
6498449
6309203
6247063
6315557
6497135
6345141
6247187
6574800
6304052
6323298
6434492
6286453
6544056
6538833
6247152
6386791
6602720
6574813
6574818
6595799
6247187
6567317
6574799
6574799
6323298
6434492
6600887
6395062
6247152
6331755
6315868
6574824
6545873
6516911
6440810
6331765
6313850
6341693
6323469
6559362
6233845
6431797
6331760
6428377
6574819
6352879
6545873
6568622
6540530
6498283
6498283
6574798
6333077
6315895
6460137
6544056
6551502
6498277
6247160
6431836
6460158
6574818
6574819
6352879
6314381
6460781
6460781
6247187
6497172
6574798
6574800
6545867
6315895
6331765
6309206
6341238
6323445
6537228
6559362
6567317
6571801
6567310
6567310
6572184
6600197
6537135
6559013
6571801
6574813
6574824
6576687
6584653
6593618
6595799
6597657
6551502
6574800
6538833
6544056
6567317
6574799
6574799
6574813
6574818
6595799
6600887
6602720
6545873
6574824
6540530
6545873
6559362
6568622
6574798
6574819
6544056
6545867
6551502
6574798
6574800
6574818
6574819
1501440
1354272
1248420
1487172
1561047
1310644
1488253
1289938
1408273
1288492
1407126
1504827
1419353
1550171
1413405
1532496
1300428
1448303
1418503
1293508
1296423
1345462
1563945
1400446
1550171
1360722
6537228
6559362
6567317
5436072
6571801
4385745
6460781
6567310
6567310
5551762
5761253
6487155
6572184
6600197
5392268
6460781
6537135
6559013
6571801
6574813
6574824
6576687
6584653
6595799
6551502
6574800
6544056
6567317
6574818
6574799
6574799
6574813
6595799
6602720
6545873
6440810
6574824
6516911
6540530
6545873
6559362
6568622
6574798
6574819
5692408
6545867
6544056
6551502
6460781
6460781
6574818
6574798
6574800
6574819
15066
2531
13407
25789
13409
15718
16677
13406
14996
16395
8036
28907
38657
30363
2097863
2210599
2392146
2328800
2112878
2334691
2097844
2162357
2210614
2053808
1851228
2221525
2279659
1976501
2297493
2027258
2097846
2035404
1814960
2218186
2149068
2097862
2231123
2328812
2116754
2328800
2210613
2210610
2390055
2027271
2097864
1472992
1620134
2222963
1976504
2150825
2348477
2100509
2251798
2231135
1982207
1941785
2348477
2210614
2357656
2034423
2051313
2210616
2297493
2191182
1941786
1985458
2001742
1851210
2372515
2238386
2210612
2035406
2356859
2210600
2097846
2279660
2348522
2258508
2208167
2348477
2348522
2097844
2297981
1741923
2097864
2210610
1930237
2140645
2220399
2358251
2338306
2208153
2030915
1997404
1976502
2210616
2035421
2328812
2100509
1930236
2025987
2039500
1976511
2338306
2343161
2210599
2231135
2111241
2099350
2099324
1930238
2297509
2097863
2230846
1957225
2258510
2116899
2210597
2076644
2059306
2192446
2163717
2210600
2334876
2162376
2210612
2162357
2227584
2121010
2117315
2147437
2356859
2210613
2150825
2016289
2163717
2141798
2167115
2162376
2121010
2369793
2251798
2348522
2297509
2348478
2261241
2292800
2053348
2067104
1999354
2120967
2034424
2210597
2093791
1980010
2210596
2343140
2210596
1984785
2025987
2097862
1979975
2231123
2048728
2258506
2035405
2208154
2341597
2163607
2119775
78267
139572
74861
62964
75529
64599
69640
6030544
6037732
5820743
5820743
6153188
5936530
5894468
5884313
5960580
5644586
5415036
6177002
5896408
5652356
6177062
6135556
5670826
6106201
5445101
6145451
6145512
5708570
5991152
5597717
5597737
5868222
6191866
6191882
5795619
5659740
5436072
6176674
5521178
5521178
5795570
5612561
5644581
5415044
6146400
6011867
6153182
6142978
5799772
5940718
5940718
6199283
5880065
6148888
5665963
6153200
5488680
5761253
6022096
5924539
5960580
5531532
6176705
6176730
6176886
5343961
5343961
5652161
6017951
5708519
5922918
5788476
6148913
6135580
6180550
6177211
6153112
6191866
5844861
5551762
6030470
6011951
6176674
6176855
5521178
5795570
5864951
6146425
6037704
6037704
6064624
5719833
5690994
6176798
5996617
6176804
5486159
5880065
5956972
6023404
6148888
6153064
6153076
5924670
6004361
6144474
5844130
5392268
6177272
6139164
5644586
5343961
5620587
5799574
5868314
5782592
5949370
5607727
5652356
5692743
5672723
6135580
5904549
5904549
5949056
6177211
6153112
6191866
6176830
5994929
5844861
5808611
6196606
5959999
6011951
6176870
6176870
5864951
5665954
5644581
6146425
5697584
6011928
6011928
5940718
5940718
6143087
6176798
6176804
6158856
6023404
6213568
5825691
5620649
5612275
6153200
5820703
5894468
6011770
5531532
5531532
5596175
5343961
6017951
5488699
5767070
5803927
5507208
5607727
6167285
6157808
5896408
6177062
5692743
5676595
5670826
6106201
6145451
6143032
5991152
6180550
5597737
6153118
5697586
5690795
5808611
5659740
6145514
6064624
6064624
6011805
6153182
6142978
5548180
6167248
5418806
5896385
5896385
6153092
6023404
5926817
5926817
5488680
5488680
5820703
5996612
6139164
5628440
5644586
5343961
5620587
6167285
6167285
5896408
5896408
5440576
5880737
5692966
6106201
5672723
6011872
5597717
6153118
6110030
5595588
6191866
6191882
5901883
6176648
6176855
5864951
5759530
5570224
6167248
5695364
5690994
6199283
6199283
5896385
6153092
5706290
6011849
5834667
6048666
6037732
5962723
5962723
5488680
6022096
5820703
5894468
6011835
5596175
5696285
6176705
6176730
5643959
6177002
5652356
5652356
5414552
6141438
5670826
6145512
6143032
5904549
5904549
5991152
5991152
5935521
5597737
6176830
5844861
6196606
5901883
6176648
5864951
5896122
5415251
6051104
6011805
6142978
5799772
6167248
5719833
5836230
5694493
6143087
6143087
5896385
5896385
6139636
6158856
5691027
5956972
6153076
5620649
6153187
5936530
5912356
5912356
5350320
5531532
5596175
5534989
6176886
6177272
5343961
5343961
5799574
5803927
5922918
5922918
6157808
5808310
6141438
5692966
5692408
5793065
6148913
6145512
5935521
6191866
5697586
5684678
5896122
6145514
6106949
6146400
5697584
6176965
5697379
5697379
5767068
5567231
6059796
5691027
5955708
6011849
6153064
5410932
6144474
6153187
6153188
6011835
6011770
5884313
5644586
5620587
5708519
5724244
5725674
5725674
5403869
5821949
5880737
5940349
6011872
6143032
5935521
5597717
5795619
5815973
5801902
5846890
6145514
6146400
5759530
5759530
5628327
5701196
5554161
6011867
6176965
5550549
5695364
5690994
5873083
2551207
2594565
2551390
2517651
2460557
1889088
1739314
2554561
2624033
2578281
2465377
2800314
2727484
2856523
2594565
2645572
2561733
2873085
2844629
2722353
2822645
2675981
2538270
2674744
2264515
2800314
2434513
2416883
2255187
2490839
2883100
2674766
2577036
2675981
2617537
2702778
2702778
2444288
2551390
2674744
2614932
2633100
2469845
2337179
2613818
2773984
2874009
2536445
2578247
2492416
2433975
2020842
2505398
2888498
2614931
2786161
2873918
2657755
2578282
2702764
2001850
2626237
2612781
2842518
2538270
2425495
2844637
2702777
2708456
2844629
2612780
2756928
2601309
2741428
2853356
2459139
2612780
2718829
1980954
2622560
2536445
2888498
2504959
2564353
2722372
2578247
2888497
2873911
2452703
2505398
2873910
2767181
2433975
2888498
2578281
2819053
2634738
2536445
2702777
2827074
2873438
2233732
2873907
2505402
2648318
2660946
2702764
2788365
2635659
2426013
2455347
2089639
2645572
2727483
2672029
2452703
2536445
2834717
2844637
2766557
2767181
2427820
2701875
2505402
2256790
2612781
2564353
2888497
2786161
3289312
2933301
3133486
3384829
3291691
3032437
3523594
3031007
2933317
3030978
3523589
3428755
3004303
3165347
3523577
2909329
3371805
3428746
2979718
3523578
3519392
3523594
3145439
2933301
3030978
3070387
3402996
3040250
3134124
3297752
3131017
3428746
3030978
3327722
3530889
2884021
3516781
2960519
3139659
3108566
2935848
3378227
2979919
3199749
3030982
3487125
3095897
2979920
3134124
3520860
3523590
3523596
2987556
3165371
3405834
2994477
3142943
3437823
3487103
2933302
3331295
3530889
3090385
3474087
2891198
3031001
3199735
2930345
3378228
3165348
3165371
3031014
3520860
3165347
3292293
3357026
3134127
3289312
3340784
3030985
3402995
3418292
3016526
3428792
3271224
3032437
2987468
3181455
3170177
3327049
3428792
3269181
3165371
3405834
3134127
3440121
3040236
3040236
2884037
2979718
2903656
3523578
3165348
3542103
3349460
2909188
2933303
3523589
3199735
3405834
2930345
3030982
3487123
3030984
3011109
2970121
3165371
3134127
3289293
3289293
3208898
3199749
3487123
3031001
3181456
2933302
3297752
3371850
3030996
3031020
3487125
3142943
3357862
2987445
3289293
2967799
3289312
2955308
3514500
3487103
3428790
2935848
3031007
3023802
3031016
3161531
3108566
3030984
3011109
2933318
2967799
2948706
3052062
3523590
3001322
3402996
2987556
3516781
3514500
3428746
3542130
3405834
3134124
3291691
3519392
3402995
3428790
3181456
3523596
3004262
2933318
3472067
3317789
3031018
3133486
3428792
2979922
3030985
2933317
2933303
2933303
3390227
3134127
3181455
3428790
3390404
3096959
3353262
3530889
3040250
4337877
3688160
4044084
3896044
3896045
3738245
4370907
3642248
4226462
3946570
3688160
3874123
3827677
4027347
3793311
4020375
3827707
4046943
3935226
3664712
3895999
3946570
3676747
3883642
3993362
3872467
3748688
3946569
4027347
3693307
4012140
3611913
3636460
4046827
3887949
3622323
3570518
4096095
3733590
3883653
4037715
4081199
3693307
3748688
3820508
3679657
3962610
4046827
3973601
3957686
4180236
3896045
4115836
4081199
3913154
3642248
3687455
4180236
3874163
3946563
4176667
3883660
3642249
3519218
3603400
3506308
3792978
3900893
3761522
3636464
3999552
3827678
3671970
3946246
3913154
3935226
3853869
3872440
3827707
3611913
3761522
3405107
3827676
3827678
3913157
3872446
3946570
3679657
3671971
3827676
3876028
3653603
4086783
4250989
4337876
3896044
3935226
3738245
3636460
3887949
4370907
3693305
3693305
3611928
3946569
3671970
3827676
3826997
3642248
3636464
4264554
3827677
3872441
3642247
3586984
3671971
3883660
3636464
3611928
3642249
3946563
4066430
3827678
3827707
3642247
3586984
3913157
4366682
3636464
4012158
3883642
4066430
4300460
3872416
3748688
4902571
4838209
4765157
4377497
5186386
4925516
5108565
5067426
4791712
5048951
4491432
5286885
4769150
4899729
4838097
4680690
4407133
5331748
5270622
4746574
5088633
4838114
4838123
4838123
4463978
4731990
4385750
4768954
4945000
5054360
5285719
5268286
4742777
5331748
5270622
4385762
4627437
4768481
4859987
5108543
4648716
5061707
4769013
4385771
4791712
5105218
4768415
4861418
4546822
4874726
4866163
4826814
4385726
4922479
5329119
4616833
4616833
4702227
4946937
4432002
5010914
4702228
4645849
4956355
5108543
4417891
4702206
4648716
5127523
4946895
5155756
4385745
5297419
4616833
5081651
4957654
4899730
4589128
5108543
4866162
5286834
4600131
4859975
4385762
4946896
4899709
4702205
5098529
4385749
4768373
5252876
4385749
4791713
5026811
4899730
5048951
4925516
4768793
4922455
5049277
4944998
5135975
4385755
4791713
4901347
4994853
4433965
5230911
4553419
4838113
4385729
5222818
5088633
5329134
4874726
4627515
4553413
4902572
4791712
4964116
4385755
5138318
5286954
4791712
5305357
4765172
4856264
4600131
4957654
4849890
4768592
5054360
4623194
4672657
4901347
4406725
4974939
5290542
4645849
4674218
4623212
5098467
4768866
4833687
4392515
4627437
4769123
5155756
4623194
4702227
4739846
5286954
5323305
5270622
5108543
4665224
4909699
4974939
4399502
4922480
5108543
4791713
4702206
4553419
5286954
4680690
4732544
4385769
5246599
4702228
5127465
5305357
4672656
5285719
5285719
5098467
4665224
5061707
5275350
5270622
4902572
5092043
4720409
4730396
5127534
5081651
4994853
4606427
4902572
5285827
4826812
5286885
5108565
4739847
4974939
5230911
5092043
4769125
4902587
5072206
4385755
4385811
5138318
4838095
4922455
4496474
4946936
4730396
4541872
5098529
4435332
4688919
5067426
5285719
5286834
5112528
5078001
4838113
4957654
5306250
4672656
5186386
4922528
4946935
5331748
4859975
5222818
4433874
4874726
4742777
4834980
4728389
5088633
4623212
4899729
4838097
