6537228
6724559
6559898
6286467
6724559
6286101
6247187
6751756
6575668
6752840
6286665
6595799
6345581
6641177
6410180
6507138
6285933
6575680
6575682
6507138
6537228
6613947
6285894
6571974
6410180
6286696
6434492
6567310
6545873
6751766
6752720
6575670
6575685
6751820
6559898
6575019
6575681
6345581
6724559
6724559
6751756
6752840
6751766
6751820
6752720
6724559
6724559
6751756
6595799
6752840
6641177
6751766
6751820
6752720
565998
565603
3023802
3026884
3022695
3030268
3020593
3134124
3037378
3030271
3026885
3030269
3291691
3134127
3037374
3037376
3040132
3040117
4207226
3677096
3738245
3677107
4370907
4046827
4385749
4702227
5003110
4600131
4553419
5049277
5003101
5003116
4734166
4794812
5003108
5003117
4553413
5049277
5049277
5105218
5061707
5201575
5054360
5138318
4680690
5186386
5201575
5003104
5067426
5003106
4922479
4777106
4648168
5108543
4739846
5003118
5331748
5230911
4648151
5003102
4720409
5108565
4385762
4859987
4685560
4777113
5003100
5003103
5788476
5996214
6033546
5893333
5695364
5996214
5633709
6191882
5548180
6016466
6131503
5691027
6106949
5607727
5842969
5793065
5820703
5543857
6046699
6106201
6064624
5935372
5999435
6033593
5670826
6046699
6023404
5595588
6131503
6033593
5662236
6210566
6191866
5999435
6016466
5842969
5935372
5991152
