6286404
6292905
6559362
6450614
6584865
6575692
6663360
6755614
6286324
6537228
6742350
6491610
6345322
6724559
6286283
6581397
6559898
6275850
6286262
6748653
6275663
6286467
6568714
6742354
6456467
6736780
6714016
6724559
6286101
6247187
6323298
6618491
6249059
6745299
6751756
6728955
6237879
6575668
6533466
6752840
6285758
6286665
6604480
6271188
6271147
6732669
6238010
6238010
6595799
6733380
6749495
6460137
6641177
6742863
6723023
6247063
6247160
6533467
6275764
6410180
6507138
6275933
6568714
6736778
6286170
6285933
6575680
6575682
6576687
6264633
6285946
6733194
6741240
6723013
6669665
6247152
6275592
6237879
6507138
6286944
6537228
6237669
6613947
6442320
6442320
6714016
6684606
6285894
6271003
6452817
6571974
6654587
6544056
6460158
6584865
6533467
6410180
6286696
6755607
6604480
6491607
6237669
6607484
6275548
6434492
6584693
6584736
6567310
6749498
6452817
6545873
6571801
6751766
6728955
6292905
6450614
6264680
6748662
6683959
6684606
6371540
6752720
6286806
6575670
6575685
6751820
6559898
6731384
6731387
6739572
6739576
6436022
6497135
6533466
6286856
6575019
6540530
6456467
6584830
6584830
6345322
6684606
6285911
6584653
6285971
6575681
6584693
6584736
6286041
6732708
6618491
6233845
6249059
6666640
6744780
6739387
6617685
6294255
6669665
6436022
6724559
6742350
6755614
6714016
6724559
6736780
6742354
6745299
6748653
6751756
6723023
6728955
6732669
6733380
6742863
6749495
6752840
6723013
6733194
6736778
6741240
6684606
6714016
6749498
6751766
6755607
6683959
6684606
6728955
6731384
6731387
6739572
6739576
6748662
6751820
6752720
6684606
6732708
6739387
6744780
6345322
6742350
6724559
6755614
6748653
6742354
6724559
6751756
6714016
6736780
6745299
6595799
6733380
6749495
6752840
6641177
6723023
6742863
6732669
6728955
6733194
6723013
6736778
6741240
6714016
6684606
6749498
6751766
6755607
6683959
6748662
6751820
6752720
6731384
6731387
6739572
6739576
6728955
6684606
6732708
6345322
6744780
6739387
6684606
140199
140196
140190
140128
140126
140124
140076
140052
140035
140019
140017
140010
140003
139994
139979
139959
139954
139945
139940
139931
139923
139918
139902
139896
139894
139892
139417
139405
139400
139388
139314
139311
139280
139279
139278
139275
139274
139271
139235
139232
139223
139220
139216
139215
139196
138728
138700
138698
138693
138688
138686
138683
138674
138624
138604
138590
138581
138579
138577
138573
138568
138566
138561
138556
138552
138545
138542
138537
138529
138523
138522
138521
138517
138515
138513
138510
138508
138506
138500
138498
138494
138493
138488
138485
138483
138482
138477
138475
138473
138470
138469
138467
138466
138465
138464
138463
138460
138459
138458
138456
138454
138453
138451
138450
138447
138446
138445
138444
138442
138441
138439
138438
138437
138435
138433
138432
138431
138430
138429
138428
138427
136855
136854
136850
136848
136839
136828
136536
136535
136523
136518
136516
136513
136510
136352
135987
135909
135908
135904
135901
135900
135898
135896
135894
135892
135888
135887
135883
135881
135877
135874
135873
135868
135855
135851
135770
135285
135283
135278
135266
135264
134971
134968
134961
134956
134947
134944
134943
134936
134931
134928
134924
134917
134302
134291
134274
133772
133770
133762
133613
133391
133197
133189
133184
133177
133171
133139
133099
133071
133059
133056
133055
133050
133048
133046
133045
133042
133041
133034
133028
133027
133024
133023
133022
133007
133000
132997
132992
132990
132987
132984
132978
132976
132973
132971
132963
132962
132959
132958
132956
132499
132495
132325
132254
132248
132240
132234
132230
132229
130142
130138
130134
130130
130120
130112
130111
130104
130101
130097
130094
130084
130076
130057
130036
130017
130011
130010
130008
130003
129999
129993
129990
129988
129987
129984
129976
129971
129959
129950
129945
129939
129936
129927
129925
129922
129920
129913
129909
129907
129905
129902
129874
129871
129865
129863
129861
129858
129856
129852
129851
129847
129845
129842
129841
129840
129837
129251
129248
129243
129196
129162
129161
129158
129155
129151
129145
129143
129138
129137
129136
129129
129116
129110
129096
129080
129078
129052
129047
129044
129033
129030
128948
128899
128889
128842
128838
128834
128824
128820
128229
128213
128209
128194
128191
128178
128172
128169
128163
128154
128147
127866
127721
127715
127706
127704
127695
127563
127481
127040
127018
127007
126985
126966
126959
126953
126951
126937
126930
126921
126916
126891
126887
126884
126882
126875
126868
126865
126861
126856
126855
126853
126848
126812
126807
126795
126790
126785
126784
126782
126780
126778
126776
126773
126730
126615
126591
126260
126250
126246
126242
126240
126239
126235
126227
126201
125945
125935
125928
125926
125915
125901
125895
125866
125865
125851
125848
125844
125807
125802
125799
125790
125789
125767
125739
125729
125703
125701
125687
125680
125460
125454
125260
125171
125166
125165
125161
124924
124920
124915
124832
124827
124803
124776
124771
124755
124752
124749
124724
124700
124602
123988
123886
123824
123808
123770
123769
123724
123718
123705
123689
123666
123659
123631
123618
123610
123608
123601
123600
123595
123594
123577
123576
123571
123568
123559
123555
123553
123550
123544
123537
123534
123527
123521
123520
123512
123503
123502
123494
123483
123458
123455
123450
123445
123434
123433
123423
123422
123416
123411
123384
123378
123372
123355
123336
123332
123324
123320
123309
122167
122009
122006
122001
121998
121995
121994
121990
121984
121983
121980
121979
121977
121976
121965
121961
121935
121931
121209
120897
120894
120875
120873
120872
120871
120869
120865
120864
120860
120857
120855
120853
120851
120846
120838
120828
120826
120817
120815
120808
120803
120801
120797
120796
120080
120079
119430
119427
119424
119264
119257
119226
119221
119218
119217
119215
119210
119205
119203
119198
119195
119191
119187
119183
119180
118817
118813
118799
118792
118788
118781
118777
118772
118767
118762
118759
118750
118745
118741
118738
118728
118726
118724
118719
118714
118711
118691
118687
118684
118666
118662
118657
118230
118227
118215
118209
118195
118190
117581
117549
117545
117530
117502
117498
116915
116901
116209
116197
116157
116152
115731
115715
115714
115711
115708
115702
115597
115596
115592
115589
115586
115585
115580
115579
115577
115576
115572
115570
115553
115550
115547
115544
115541
115533
115369
115340
115004
115001
114994
114969
114963
114723
114717
114714
114706
111910
111703
111667
111662
111656
111651
111647
111644
111640
111635
111619
111611
111589
110600
110574
110568
110567
110559
110558
110553
110550
110538
110523
108107
108080
107962
107951
107942
107936
107932
107927
107919
107914
107870
107868
107867
107864
107863
107861
107859
107856
107854
107851
107849
107844
107840
107839
107834
107830
107821
107817
107814
107808
107807
107791
107784
107762
107748
107743
107742
107737
107733
107731
107728
107724
107723
107721
107713
107707
107703
107700
107698
107354
106932
106914
105977
105951
105381
105346
104852
104841
104829
104826
104822
104821
104816
104815
104814
104807
102462
102459
102454
102449
102442
102439
102433
102431
102428
102427
102423
102421
102416
102415
102414
102409
102407
102404
102398
102394
102390
102389
102384
102383
102381
102375
102373
102371
102370
102367
102364
102362
102360
101760
101758
101756
101749
101251
99581
99562
99442
99435
99430
99423
99417
99411
99404
99240
99213
99170
98522
98513
98486
98484
98482
98480
98469
98454
98447
98423
98098
96957
94743
94737
94643
94629
94619
94611
94601
94593
94578
94571
94558
94534
94524
94522
94520
94515
94501
94497
94490
94487
94482
94481
94477
94468
94466
94456
94442
94436
94433
94430
94426
94423
94421
94418
94417
94414
94412
94409
94400
93805
93801
93793
93790
93779
93769
93764
93757
93752
93748
93742
93736
93733
93727
93717
93714
93709
93705
93172
93133
92473
92098
92071
91884
91882
91878
91869
91863
91841
91776
91771
91747
91741
91649
91301
91298
91294
91265
91262
90822
89707
89685
89649
89644
89607
89569
89564
89559
89546
88956
88935
88518
88133
88127
88119
88114
88113
88104
88086
88081
87864
87754
87749
87726
87705
87699
87694
87689
87681
87675
87669
87640
87635
87277
86802
85441
85403
85390
83594
83592
83528
83380
83320
82713
82702
82661
82652
82570
82546
82536
82527
82510
82507
82493
82455
82439
81968
81858
81834
81828
80742
80734
80690
80684
80676
80674
80664
80659
80649
80644
80638
80630
80625
80085
80024
79954
79938
79875
79618
79580
78545
78544
78531
78519
78361
78289
77418
77398
76499
76485
76462
76449
76344
76295
76270
76250
76246
76210
76151
76129
76125
76118
76108
76102
76101
76094
76071
76052
75523
75523
75501
75467
74870
74827
74738
74734
74657
73211
73204
73200
73189
73116
73112
73049
73031
72889
72883
72851
72839
72833
72831
72825
72797
72792
72788
72626
72616
72418
72412
72403
72392
72385
72381
72379
72370
72367
72366
72365
72364
72362
72357
72356
72355
72354
72348
72345
72341
72336
72332
72323
72290
72116
72102
71047
71042
69790
69628
69326
69288
69247
68699
68306
68289
68275
68268
67633
67594
67573
67572
67561
67541
67534
67530
67524
67517
67516
67476
67466
67456
67447
67439
67430
67413
67403
67386
67309
67273
67136
67101
67097
67080
67069
66786
66783
66749
66742
66730
66718
66671
66661
66652
66647
66641
66636
66628
66600
66596
66587
66580
66571
66346
66337
66292
66288
66282
66277
66273
66265
66260
66254
66229
66227
66215
66190
66189
66188
66187
66185
66182
66180
66179
66178
66175
66172
66171
66164
66154
65917
65887
65861
65061
64698
64327
64291
63640
63511
63419
62826
62821
62805
62787
62778
62767
62761
60872
60861
60147
59785
59480
59468
59457
59441
59438
59430
58965
58722
58718
58709
58696
57979
57975
57833
56957
56887
56828
56819
56800
56750
55615
55612
55592
55559
54361
54360
53122
52379
51589
51229
51227
51214
51213
51112
51072
51070
51017
51011
51000
50981
50972
50022
50015
50005
49994
49986
49974
49972
49949
49947
49945
49941
49940
49933
49929
49928
49925
49923
49920
49915
49913
49912
49908
49901
49896
49891
49884
49828
48965
48957
48943
48920
48700
48694
48575
48573
48539
48105
46684
46678
46598
46597
46590
46576
46552
46539
46538
46536
46511
46509
46504
46495
46383
46134
46130
46113
46109
45681
45652
45133
45109
45098
43801
43759
43748
43744
43735
43729
43605
43349
43344
43319
43316
43312
43307
43301
43295
43288
43276
43266
43252
42556
42552
42549
42220
42210
41110
40531
40463
40449
40445
40441
40233
40230
40220
39646
39644
39641
39520
39477
39382
39380
39378
39322
39298
39249
39245
38845
38842
38505
38503
38499
38495
38491
38488
38382
38113
38089
38081
38079
38076
38075
38072
38068
38063
38057
38053
38048
37960
37952
37620
37613
37602
37597
37593
37584
37576
37568
37318
37177
37148
37142
37071
37046
36694
36688
36659
36639
36635
36491
36353
35868
35845
35434
35433
35429
34815
34586
34569
34116
34099
34018
33997
33996
33927
33910
33843
33842
33496
33399
33290
33285
33177
33162
33066
33023
33022
32962
32752
32751
32535
32533
32532
32395
32247
32246
32242
32165
32051
32050
32049
32048
32035
31987
31971
31928
31927
31884
31874
31865
31743
31721
31719
31660
31634
31633
31593
31592
31528
31433
31430
31428
31404
31322
31252
31247
31195
31193
31192
31191
31190
31111
31108
31106
31077
31066
31060
31058
30883
30833
30829
30819
30817
30813
30810
30772
30734
30732
30720
30692
30625
30620
30585
30568
30547
30511
30510
30491
30354
30353
30325
30306
30014
29953
29942
29924
29921
29911
29879
29878
29758
29756
29755
29729
29717
29710
29678
29671
29580
29571
29524
29503
29500
29498
29497
29496
29493
29390
29322
29321
29320
29315
29313
29295
29276
29258
29238
29237
29233
29183
29165
29050
28893
28871
28869
28772
28769
28767
28615
28596
28575
28574
28530
28526
28520
28511
28510
28488
28487
28464
28463
28455
28445
28354
28298
28289
28288
28273
28269
28235
28232
28226
28224
28179
28165
28164
28155
28147
28143
28142
28102
28100
28099
28092
28080
28063
28062
28059
28040
28039
28034
28032
27953
27951
27950
27935
27916
27911
27895
27886
27876
27816
27806
27804
27788
27771
27695
27694
27648
27570
27566
27561
27534
27487
27449
27433
27424
27418
27417
27371
27352
27345
27329
27328
27323
27320
27318
27279
27276
27269
27246
27245
27241
27117
27116
27114
27110
26869
26784
26783
26782
26779
26776
26772
26768
26767
26766
26765
26763
26719
26718
26717
26715
26711
26706
26704
26703
26696
26694
26691
26689
26682
26676
26675
26674
26673
26672
26670
26669
26666
26665
26658
26635
26629
26628
26627
26617
26604
26589
26578
26577
26537
26508
26504
26498
26493
26491
26487
26484
26476
26473
26462
26414
26411
26358
26353
26308
26284
26278
26171
26131
26126
26125
26122
26118
26117
26093
26088
26083
26075
26074
26073
26072
26069
26068
26067
26064
26061
26060
26059
26056
26055
26054
26053
26052
26050
26049
26048
26047
26045
26044
26040
26038
26037
26034
26032
26030
26025
26022
26019
26009
26008
26007
26006
26005
26004
26002
25999
25997
25996
25991
25990
25983
25946
25859
25794
25780
25720
25719
25717
25716
25715
25713
25641
25640
25639
25548
25545
25537
25275
25242
25224
25223
25147
25127
25087
24940
24888
24813
24765
24756
24623
24620
24589
24587
24585
24573
24528
24516
24272
24268
24253
24248
24244
24233
24230
24229
24175
24165
24088
24011
24010
23933
23927
23869
23858
23848
23759
23738
23613
23495
23443
23401
23400
23399
23398
23397
23224
23199
23155
23039
22944
22943
22815
22667
22495
22494
22493
22492
22491
22437
22436
22398
22397
22396
22392
22375
22360
22354
22297
22251
22116
22111
21935
21922
21915
21906
21851
21799
21770
21719
21718
21709
21704
21700
21699
21698
21696
21691
21689
21681
21649
21529
21511
21503
21379
21339
21326
21165
21164
21163
21155
21150
21147
20735
20734
20651
20647
20644
20598
20596
20593
20462
20460
20297
20270
20163
20162
20161
20160
20159
19861
19856
19767
19711
19708
19706
19679
19583
19531
19457
19443
19394
19379
19340
19337
19188
19187
19183
19078
18909
18900
18797
18706
18679
18540
18515
18514
18513
18511
18510
18509
18501
18499
18440
18436
18430
18378
18281
18249
18157
17969
17941
17899
17898
17870
17868
17830
17794
17788
17775
17774
17773
17764
17763
17711
17691
17689
17688
17686
17681
17679
17676
17673
17670
17669
17661
17658
17651
17650
17649
17646
17641
17627
17625
17618
17617
17606
17604
17602
17588
17586
17576
17575
17503
17484
17442
17430
17429
17420
17367
17365
17364
17355
17353
17350
17347
17338
17301
17300
17299
17298
17258
17249
17204
17171
17160
17159
17150
17117
17109
17070
17046
16877
16876
16665
16657
16607
16567
16553
16540
16539
16538
16507
16483
16482
16433
16429
16428
16397
16383
16279
16277
16225
16212
16207
16205
16193
16157
16155
16138
16134
16083
16080
16078
16069
16054
15924
15917
15878
15810
15808
15805
15800
15758
15660
15513
15499
15454
15296
15181
15179
15078
15042
15022
14982
14981
14929
14897
14876
14867
14811
14764
14722
14705
14665
14657
14599
14595
14559
14554
14553
14547
14542
14540
14523
14460
14459
14458
14457
14456
14455
14454
14453
14452
14451
14450
14449
14448
14447
14446
14445
14444
14443
14442
14388
14387
14386
14343
14341
14262
14255
14247
14245
14244
14225
14198
14189
14067
14066
14062
14061
14028
14027
14026
14013
14009
14004
13991
13988
13958
13944
13943
13922
13917
13890
13873
13864
13849
13848
13844
13797
13756
13753
13752
13747
13728
13700
13696
13694
13692
13596
13595
13592
13587
13585
13581
13471
13401
13400
13391
13382
13335
13302
13244
13243
13234
13233
13224
13191
13188
13186
13178
13168
13167
13156
13147
13145
13128
13126
13125
13122
13116
13109
13106
13104
13102
13097
13096
13092
13078
13073
13070
13060
13024
13020
12999
12989
12956
12948
12913
12880
12789
12780
12779
12774
12772
12701
12697
12688
12680
12657
12577
12576
12551
12536
12412
12411
12391
12390
12388
12371
12370
12365
12350
12349
12345
12343
12341
12340
12339
12338
12337
12336
12335
12334
12333
12332
12331
12330
12329
12269
12258
12255
12216
12183
12146
12141
12088
12087
12086
12046
12034
12016
11964
11963
11958
11955
11919
11917
11916
11876
11864
11843
11825
11823
11822
11725
11696
11658
11634
11628
11611
11610
11609
11608
11604
11581
11572
11534
11531
11505
11456
11427
11424
11404
11403
11387
11339
11336
11327
11269
11267
11255
11161
11090
11083
11080
11079
11038
11032
11017
10974
10972
10967
10897
10816
10800
10792
10740
10714
10662
10660
10655
10648
10640
10635
10633
10631
10599
10595
10588
10579
10577
10488
10487
10476
10475
10426
10419
10406
10405
10384
10341
9929
9926
9906
9707
8997
8927
8925
8923
8919
8918
8917
8913
8906
8889
8888
8874
8343
8286
8285
8280
8023
7948
7947
7946
7945
7836
7834
7831
7830
7827
7822
7819
7805
7804
7803
7728
7726
7187
7157
7156
7146
7145
6958
6953
6952
6951
6902
6690
6687
6686
6678
6425
5226
5207
4889
2434
2433
2431
2430
2429
2279
2278
2277
2276
2275
2274
2273
2272
2264
2021
2010
1816
1815
1764
1763
1759
1758
1650
1637
1636
1635
1634
1423
1422
1421
1420
1419
1418
1417
1416
1415
1254
1056
620
360
203572
203556
203555
203552
203399
203388
201564
201516
201513
201177
201162
201161
200495
200486
200479
200477
199999
199405
199345
199335
199309
199271
199237
198436
198350
198347
197980
197966
197301
196058
195776
195536
194588
194584
194478
194476
194376
193309
193306
193291
193044
192813
192807
192191
192179
192158
192127
192116
192043
191730
191620
191411
191100
190413
190397
190381
190258
190256
189873
189252
188956
188561
188558
187897
187532
187510
187508
187506
186987
186500
186455
186039
185764
185756
185750
185744
185679
185675
185660
185658
185657
185651
185650
185604
185599
185596
185508
185500
185493
185490
185486
185479
185475
185468
185466
185429
185422
185408
185405
185403
185397
185392
185387
185382
185379
185369
185337
183913
183908
183903
183820
183537
183473
183472
183471
183467
182792
182791
182789
182778
182776
182772
182769
182768
182765
182764
182763
182760
182759
182758
182757
182754
182742
182740
182739
182738
182737
182736
182735
182731
182730
182728
182727
182726
182725
182724
182691
182690
182687
182549
182548
182545
182544
182543
182542
182522
182521
182520
182519
182399
182398
182395
182391
182390
182372
182368
182363
182360
182357
182356
182205
181524
181522
181517
180472
180378
180371
180107
180104
180103
180102
180093
179835
179731
179730
179729
179725
179724
179723
179722
179720
179718
179716
179713
179711
179710
179707
179706
179705
179704
179701
179700
179698
179697
179696
179695
179694
179690
179689
179687
179686
179685
179683
179682
179660
179659
179658
179657
179656
179655
179654
179653
179652
179651
179650
179648
179647
179646
179628
179625
179623
179335
179332
179330
179328
179326
179325
179324
179318
179317
179316
179314
179312
179310
179309
179307
179305
179304
179303
179299
179296
179293
179284
179283
179281
179278
179275
179273
179271
179269
177826
177824
177821
177819
177818
177816
177815
177814
177811
177809
177807
177804
177803
177791
177787
177786
177784
177783
177780
177779
177777
177775
177774
177773
177772
177769
177768
177767
177766
177742
177735
177734
177732
177730
177727
177726
177723
177721
177693
177690
177687
177684
177666
177656
177654
177582
176721
176718
176713
175368
175366
175246
175245
175145
175141
175140
175138
175137
175135
175132
175092
175087
175083
175078
175077
175076
175075
175072
175071
175070
175069
175067
175065
175064
175062
175056
175055
175053
175049
175047
175044
175040
175039
175036
175035
175033
175031
175028
175026
175023
175021
175020
175017
175016
175012
175010
175009
175008
175005
175003
175002
174999
174997
174996
174994
174991
174988
174979
174975
174972
174970
174968
174965
174964
174963
174962
174960
174959
174957
174956
174952
174951
174948
174946
174945
174940
174912
174907
174906
174903
174901
174898
174897
174895
174892
174871
174843
174840
174837
174834
174832
174827
174781
174771
174715
174686
174535
174528
174527
174521
174516
174504
174495
174472
174425
174415
174411
174406
174397
174392
174389
174383
174380
174379
174373
174368
174361
174347
174343
174341
174338
174335
174328
174326
174325
174324
174323
174322
174320
174319
174317
174316
174313
174312
174311
174309
174308
174306
174304
174303
174274
174265
174264
174259
174254
174242
174239
174234
174231
174228
174225
174219
174218
174215
174214
174213
174212
174211
174208
174207
174205
174204
174203
174202
174201
174200
174198
174197
174196
174195
174194
174193
174192
174191
174190
174189
174188
174187
174186
174185
174184
174182
174181
174179
174178
174177
174176
174175
174174
174173
174172
174171
174170
174169
174167
174164
174163
174161
174160
174158
174155
174151
174149
174148
174146
174141
174139
174135
174081
174078
174021
173903
173901
173900
173899
173418
173416
173411
173138
172898
172503
172363
172311
172304
172301
172298
172296
172290
172288
172134
172111
172095
172080
172073
172070
172065
172062
172055
172051
172043
171852
171851
171354
171330
171322
171285
171023
170742
170740
170732
170729
170728
170517
170497
170493
170467
170463
170460
170171
170148
170076
170043
170041
170038
170035
168755
168671
168668
168396
168390
168342
167988
167973
167961
167958
167954
167946
167929
167926
167911
167909
167899
167876
167871
167868
167844
167839
167764
167759
167757
167755
167741
167685
167041
166661
166652
166638
166630
166615
166607
166578
166544
166537
166527
166435
166384
166344
166327
166262
166253
166234
166230
166222
165681
165678
165603
165596
165593
165579
165577
165573
165556
165555
165552
165549
165544
165538
165536
165532
165531
165527
165526
165523
165506
165497
165494
165490
165473
165468
165461
165454
165448
165443
165440
165428
165423
165316
165150
165042
164349
164331
164327
164319
164311
164304
164021
164015
164010
164004
164000
163996
163994
163920
163916
163913
163908
163904
163901
163772
163770
163767
163766
163765
163762
163760
163623
163619
163617
163612
163606
163583
163487
163485
163288
163278
163142
163097
163095
163087
163086
163083
163077
163071
163070
163067
163066
163064
163063
163062
163059
163057
163055
163052
163049
163047
163044
163041
163040
163038
163037
162865
162862
162853
162850
162845
162843
162839
162836
162834
162751
162750
162719
162715
162712
162707
162702
162696
162662
162654
162649
162638
162304
162274
162242
162239
162235
161842
161834
161793
161396
161240
160966
160963
160956
160951
160945
160939
160911
160877
160873
160872
160863
160861
160856
160854
160849
160847
160844
160843
160841
160840
160838
160824
160818
160638
160627
160290
160287
160211
159636
159632
159629
159117
158697
158678
158677
158675
158673
158672
158660
158657
158655
158268
158261
158177
158169
158144
158088
158071
158039
158036
158032
158031
158028
158025
158024
158021
158019
158015
157944
157826
157618
157068
156227
156016
155964
155960
155958
155957
155946
155943
155939
155933
155928
155923
155863
155858
155834
154626
154620
154617
154613
154608
154595
154587
154581
154569
154568
154566
154561
154556
154555
154547
154541
154540
154538
154533
154521
154516
154512
154506
154502
154493
154490
154489
154485
154483
154481
154478
154474
154473
154472
154469
154467
154466
154465
154460
154459
154458
154456
154454
154453
154451
154450
154447
154445
154444
154442
154441
154437
154436
154435
154422
154420
154419
154414
154407
154406
154405
154403
154392
154387
154361
154356
154348
154343
153996
153993
153987
153619
153500
153412
153406
153400
153395
153384
153381
153377
153371
153364
153360
153354
153349
153344
153334
153326
153323
153316
153314
153310
153307
153302
153296
153286
153279
153278
153271
153262
153257
153255
153248
153244
153241
153240
153237
153204
153200
153188
153168
153163
153158
153153
153152
153150
153135
153133
153112
153106
153100
153099
153096
153093
153092
153088
153087
153084
153082
153081
153080
153078
153077
153074
153068
153064
153062
153059
153049
153043
153039
153036
153029
153027
153025
153024
153020
153018
153014
153013
153006
153005
152999
152998
152930
151834
150480
150474
150451
150440
150419
150285
150191
150020
150017
150016
150007
149911
149900
149896
149877
149864
149861
149860
149858
149855
149852
149850
149846
149844
149842
149826
149824
149822
149820
149817
149816
149815
149805
149800
149796
149788
149778
149765
149764
149762
149761
149333
149162
149028
149023
147786
147783
147729
147667
147666
147660
147658
147653
147651
147644
147635
147628
147623
147616
147579
147572
147325
146907
146899
146896
146894
146879
146876
146873
146870
146859
146855
146841
146839
146832
146793
146791
146789
146773
146683
146638
146637
146635
146557
146553
146545
146541
146540
146538
146535
146530
146528
146517
146515
146482
146475
146469
146467
146464
146463
146446
146399
146063
146061
146058
145933
145931
145921
145920
145915
145911
145579
145577
144885
144413
144408
144405
144396
144238
144225
144221
142474
142470
142466
142459
142458
142456
142454
142438
142429
142426
142422
142421
142418
142414
142412
142411
142410
142405
142404
142403
142402
142400
142399
142398
142397
141980
141804
141802
141799
141794
141791
141786
141784
141781
141776
141774
141771
141768
141753
141749
141745
255488
254763
254308
252453
252449
251753
251749
247869
247865
247698
247633
247627
246204
245984
245980
245978
245974
245972
245968
245935
245646
245637
245214
244989
244988
244838
244834
242545
242541
241947
241889
240449
240447
240398
240387
240386
240003
239998
239424
239222
239039
239039
238416
238415
237635
237632
236346
236344
235886
235866
235863
235861
235307
235274
235200
235197
235191
235189
235127
235124
234865
234864
234860
234828
234825
234223
233408
233404
233399
233388
232900
232895
232881
232877
232766
232216
232201
232198
231304
231192
231177
231162
230951
230291
230285
230278
230272
229850
229758
229015
229014
228999
228985
228979
228933
228928
228925
228920
228895
228880
228778
228699
228688
228686
228669
226936
226923
225841
225841
225738
225715
225709
225702
225701
225688
225599
225398
224827
224654
224650
224638
224625
224615
224608
224388
224378
223296
223292
223196
223039
223037
223033
222803
222204
222200
221473
221457
221453
221308
221307
221304
221300
221300
221299
221232
221230
221229
221228
221226
221225
221223
219979
219971
219970
219218
219004
218999
218802
218756
218756
218742
218742
218232
218225
218210
218203
218192
218027
218025
217238
217225
216436
215951
215945
215784
215526
215498
214594
214567
214565
213945
213942
213768
213762
213751
213737
213734
213728
213228
213203
212961
212482
212307
211934
211926
211917
211912
211906
211904
211898
211897
211894
211885
211876
211873
211789
211531
211511
211509
211508
211452
211450
211432
211305
210346
210341
210339
210330
210311
210304
210298
209951
209779
209774
209771
209761
209760
209750
209748
208638
208633
208614
208607
208188
207560
207552
207545
207540
206042
206039
206028
205679
205674
205669
205633
205627
205622
205617
205612
205601
205592
205587
205461
205453
205446
205441
205436
205429
205424
205416
205407
205392
205392
205356
205352
205301
205297
205297
205291
205286
205286
205280
205156
205156
205107
205100
204347
204183
204174
204169
308850
305554
305548
304420
303887
303707
303675
303664
299661
299647
291528
291488
290815
290800
290755
290746
290724
290616
290206
290182
290158
290144
290139
290125
290120
289743
289640
289638
289633
289625
289621
289618
289612
289590
289565
289510
289427
289420
289193
289036
288850
288814
288709
288655
288436
288430
288419
280344
280342
279614
278350
278344
278343
278341
275070
274613
273831
273830
271028
270876
268575
268574
268572
268566
266498
261661
261213
261190
261154
261132
259822
257825
257191
257189
257184
257054
366551
364622
352594
352184
352180
352128
352094
339860
339857
339857
337599
337599
321298
320069
319638
319635
319497
319495
319493
319485
319478
318326
314005
313999
433902
421644
421644
419418
412025
405814
405807
405804
405804
399194
398423
392634
392433
373898
373898
373398
368837
476365
476364
473079
467030
466978
443968
443936
440867
440815
437598
560690
560690
560690
559505
548315
548310
539675
539672
507014
648941
648925
643419
643417
636353
634768
634751
628859
627754
621997
621015
615881
615852
615841
615829
615821
615373
604092
604088
602509
602502
565998
565603
791768
771977
771824
769540
763900
752393
751235
746651
703326
703216
694473
694453
666297
964597
960651
940011
924527
906014
906014
807766
807765
1212067
1212066
1212065
1186891
1084806
1084805
1081832
1074822
1074822
1068915
1058374
1031624
1031624
1018981
1006186
1006186
988457
988456
1276224
1289790
1373648
1284926
1284926
1387969
1387969
1249714
1410754
1363014
1373648
1887733
1636817
1800924
1913148
1386443
1913148
1593102
1800924
2251798
1984785
2144476
1997404
2336723
2237899
2231123
2237900
1966508
2025987
2001742
2237902
2286118
2336724
2254865
2297493
2348477
1270973
2237908
2334896
2144476
2338306
2196118
1977055
2297509
2392146
1941785
2279660
2252737
2067104
2246141
2254865
2231135
2250608
1941786
2334896
2119775
1262771
2097844
2162357
2278821
2319394
2252752
1569889
1270974
2279659
2259086
2885735
2751821
980584
2427131
2566475
1413864
2688452
2835623
2447567
2664829
2505398
2564353
2565495
2578282
2505402
2566474
2518011
2703513
2702778
2674744
2618049
2645572
2565496
2566476
2435714
2645541
2624752
2618048
2718829
2498257
2433975
2616226
2502597
2534378
2704036
2751821
2645542
2518010
2582442
2565484
2502597
2536445
2507500
2524682
2582441
2566477
2337179
2507487
2595728
2565501
1590214
2452703
2835621
2703512
2814764
2534367
2703485
2510440
2435713
2702777
2168192
2624752
2703486
2708504
3125295
3023802
3115612
3378227
3181455
3261292
3031018
2926371
3289293
3096959
3208898
3533906
2926387
2926213
2926216
3111781
2933301
3349460
3231954
3369446
2971831
3031016
2982748
3181456
3026884
3373424
3533867
3267880
3487125
3016526
3523594
3022695
3402995
3030268
3020593
3054495
3054498
3134124
3428755
3299630
2999615
3030978
3165348
3165347
3037378
3096961
3030271
3199749
3026885
3261292
3267881
2933303
2982748
3030269
3434546
3533889
3291691
3289312
3082911
3134127
3369449
3299629
3533907
3523590
3037374
2926215
2926214
3037376
3115611
3167435
2933302
3523589
3523578
2971852
3108566
3040132
3390404
3514500
3523596
3040117
3402996
3761522
3724437
4207226
3717210
3611928
3913157
3883660
3815022
3827707
3883653
4004760
4294628
3677096
4046805
3946330
4336604
3568472
3801674
4027347
3954657
3671971
3779382
3987624
3767434
3767457
3738245
4081199
3815046
3839261
3962625
3720608
4336586
3954640
3568472
3671970
3779381
3913222
3642249
3827677
4027599
3779390
4226611
4294643
4337714
3642248
3679672
3946320
3606786
3676747
3677107
3688160
3913154
4370907
3724447
4251022
4290017
3801673
3887949
3717213
4027616
3954658
4251021
3913234
4337876
4114520
3827678
3819953
3586984
3883642
3739115
3735563
4337735
3739116
4337877
3599453
4138246
4180236
4138246
3852982
4046827
4290012
4385749
4994548
4946896
5003482
4702227
4945000
4957654
4730396
4823745
5286885
5003110
5098652
4955803
4541872
4600131
4914776
4553419
5098637
5049277
4994444
5161651
5003101
5003116
5250404
4679809
4475868
5140646
5031179
4742777
4699330
4794812
4867702
5003108
5003117
4374378
4553413
4791713
4810541
5049277
5049277
5092043
5161651
5105218
4771465
4495666
4401811
5061707
5201575
5054360
5138318
4454428
4946936
4680690
4401829
4749061
4974939
4823604
4385811
4944998
4995477
5186386
5251439
4995473
5314476
5219873
5311248
4495679
4943508
4810544
4804196
5010233
5201575
5338604
5003104
5067426
5286834
5003106
4699330
4922479
4385726
4800959
4777106
4696712
4558685
4432002
4800936
4946935
4665224
5140583
4407505
4770908
4562150
4648168
5108543
5003484
5243278
4454428
4852669
4943532
4630111
5310112
4739846
4873943
4946937
5003118
4866162
4490260
4852652
4475868
4914806
4749049
4407133
4558700
4377497
5098529
5314476
5331748
5286954
4490261
5230911
4385755
5306250
5303169
4838095
4648151
4791712
4946895
4385771
4849890
4961962
4746574
5031376
5339043
4407131
5010227
5098467
4648716
5219896
4922480
4873927
4407486
4679811
5003102
4867688
4866163
4810539
4810538
4951428
4955811
4720409
5108565
4385762
4859987
4770907
4685560
4771465
4777113
5003100
5003103
4994544
4688919
4912011
6060278
5788476
5942448
5894468
5445195
6025414
5719833
6177002
6202267
6011928
5445101
5996214
5470012
5896385
5722896
5563039
5892935
5996335
6033546
6210742
6011951
6011805
6076856
5938993
5893333
5795619
5900511
5665954
5996347
6016441
5672723
5620587
6202342
5962723
6176705
6142284
6135580
6150726
5369613
5488571
5644586
5695364
6025427
5996214
5633709
6169116
6167285
5620649
6143032
6191882
6202252
5548180
6142282
6142286
6016466
6156920
5586810
5696116
5832721
6131503
6069083
5825559
6142978
6169116
5725459
5409791
5708570
6177211
6157609
5691027
5531532
6142275
5892935
5846884
6060278
5351013
6076900
6202316
6156918
5967046
6106949
5607727
6120720
5945827
6177062
6210684
6176674
5842969
6202211
6202299
5864951
6153182
5793065
6202245
5409685
5820703
5543857
5825559
6199283
6176804
6156904
6176830
6176730
6141478
5864408
5409792
6150726
6202266
5778187
5834667
6069083
6106201
6037704
6025427
5754516
6145451
5665954
5697072
6064624
5967077
6141412
5846869
5401852
5596175
5375941
5942448
5385120
5996347
6176798
5427996
5935372
6011872
5999435
6180550
5563039
6141438
5996335
5489249
6202198
5924450
5880065
6033593
6156908
5586810
5938993
6142265
5445160
6025414
5670826
6016441
6167248
6011867
6157901
6202177
5575976
5375932
5445195
6023404
5690994
6121543
6144474
5945827
6017951
6011849
6141429
5401852
5595588
6156897
5351013
5778187
6131503
6037732
6156865
5662237
6120720
6202254
6202369
6157901
5488680
6033593
6139636
5929472
5578278
5759530
6210566
5846850
5633639
6191866
5999435
6202274
6176648
6016466
5343961
5350082
5864935
5842969
5896122
5781707
5904549
5784853
6020208
5900511
6212466
6176870
5633639
5722896
6176965
6176886
6011770
5896408
5924450
6011835
5781707
5832721
6141493
5846890
5795380
5795570
6157609
5935372
5991152
6210833
