6356409
6755908
6725763
6740367
6735576
6728970
6728785
6725931
6529634
6742558
6529987
6747203
6749856
6737443
6737450
6737866
6733933
6722802
6442320
6471345
6471345
6739134
6737132
6744729
6752251
6529881
6742582
6727613
6741186
6656565
6614215
6747678
6728913
6751732
6728755
6728956
6733891
6753214
6738198
6566553
6562776
6716960
6653082
6741146
6741166
6739388
6740967
6725711
6725920
6673183
6673183
6669671
6677493
6607433
6723645
6721891
6585642
6356409
6726148
6745835
6728234
6728457
6722678
6409762
6744028
6727132
6721468
6754944
6744479
6732672
6747770
6737720
6431836
6749023
6737134
6726216
6740886
6727537
6636363
6756107
6739590
6656581
6614215
6728501
6345452
6686726
6686726
6728765
6733526
6733993
6730886
6748854
6736822
6380424
6720365
6752384
6731391
6497172
6726085
6744833
6755326
6669650
6669668
6755225
6653108
6722294
6585745
6692524
6755484
6739183
6739189
6748520
6730620
6730609
6720782
6736419
6726372
6755800
6568813
6742348
6725991
6724789
6724796
6732669
6722821
6748046
6736686
6567317
6749039
6742156
6724063
6740437
6740446
6745059
6740933
6739382
6735415
6345452
6748860
6752055
6733773
6581427
6656713
6727467
6742872
6740297
6740317
6756099
6723789
6723799
6685611
6721379
6395062
6734337
6725958
6741042
6735028
6737174
6722317
6724252
6736425
6746621
6736433
6744841
6740991
6755101
6568813
6744898
6725585
6744694
6724735
6728244
6730638
6730350
6732671
6442320
6736674
6748682
6744920
6745381
6751660
6745413
6726257
6755675
6739384
6748236
6730152
6716777
6720816
6748347
6748956
6456465
6581427
6754240
6475461
6748834
6747712
6724298
6744015
6755117
6755425
6755922
6755923
6607433
6721685
6692524
6338997
6734621
6740579
6742090
6725104
6725972
6741038
6749551
6587095
6438733
6737679
6752049
6745322
6721468
6755470
6745166
6740843
6751925
6737177
6736777
6733846
6755600
6736704
6744922
6740413
6742371
6726215
6723898
6529881
6721335
6742402
6740457
6529584
6740076
6726972
6741218
6656565
6656581
6748555
6736792
6604319
6352623
6600875
6728950
6730704
6656713
6751901
6726277
6742859
6726362
6756098
6752177
6313850
6313850
6585642
6585745
6754682
6744654
6725963
6735027
6748112
6735587
6737382
6533443
6533443
6587095
6736665
6736661
6725316
6742311
6754945
6756104
6756106
6739201
6722161
6363917
6755203
6728250
6733812
6450784
6720378
6736671
6431321
6747801
6747806
6730285
6728838
6745193
6740862
6529584
6636363
6740285
6604319
6352623
6460781
6732042
6475461
6737253
6751988
6653071
6360582
6721789
6338997
6740369
6748726
6724313
6742053
6725134
6739951
6529987
6723035
6749017
6431321
6753217
6753218
6754657
6755593
6736492
6745374
6529881
6725627
6740455
6741966
6725893
6739381
6600875
6728762
6733884
6456465
6734304
6736810
6562776
6716958
6653071
6732023
6653082
6726062
6739389
6727021
6740752
6723871
6723879
6677493
6755653
6260478
6260478
6756014
6734563
6740804
6728842
6736736
6730333
6722204
6724139
6724164
6724174
6724312
6742312
6742347
6743904
6739210
6720406
6363917
6378780
6734219
6533711
6753216
6735789
6735794
6751686
6529881
6745426
6755674
6755963
6656565
6728702
6733621
6733795
6732708
6730891
6734192
6748835
6748273
6737255
6751863
6566553
6221710
6724517
6497172
6744551
6739580
6742877
6739387
6740313
6741238
6669671
6669650
6755429
6755637
6653108
6721570
6716960
6721891
6722802
6723645
6725711
6725763
6725920
6725931
6727613
6728755
6728785
6728913
6728956
6728970
6730334
6733891
6733933
6735576
6737132
6737443
6737450
6737866
6738198
6739134
6739388
6740367
6740967
6741146
6741166
6741186
6742558
6742582
6744729
6749856
6751732
6752251
6753214
6755908
6686726
6686726
6720365
6721468
6722294
6722678
6726085
6726148
6726216
6727132
6727537
6728234
6728457
6728501
6728765
6730886
6731391
6732672
6733526
6733993
6736822
6737134
6737720
6739590
6740886
6744028
6744479
6744833
6745835
6747770
6748854
6749023
6752384
6754944
6755225
6755326
6756107
6685611
6692524
6720782
6721379
6722821
6723789
6723799
6724063
6724789
6724796
6725991
6726372
6727467
6730609
6730620
6732669
6733773
6735415
6736419
6736686
6739183
6739189
6739382
6740297
6740317
6740437
6740446
6740933
6742156
6742348
6742872
6745059
6748046
6748520
6748860
6749039
6752055
6755484
6755800
6756099
6716777
6720816
6721685
6722317
6724252
6724298
6724735
6725585
6725958
6726257
6728244
6730152
6730350
6730638
6732671
6734337
6735028
6736425
6736433
6736674
6737174
6739384
6740991
6741042
6744015
6744694
6744841
6744898
6744920
6745381
6745413
6746621
6747712
6748236
6748347
6748682
6748834
6748956
6751660
6754240
6755101
6755117
6755425
6755675
6755922
6755923
6692524
6721335
6721468
6723898
6725104
6725972
6726215
6726277
6726362
6726972
6728950
6730704
6733846
6734621
6736704
6736777
6736792
6737177
6737679
6740076
6740413
6740457
6740579
6740843
6741038
6741218
6742090
6742371
6742402
6742859
6744922
6745166
6745322
6748555
6749551
6751901
6751925
6752049
6752177
6755470
6755600
6756098
6720378
6721789
6722161
6725316
6725963
6728250
6728838
6730285
6732042
6733812
6735027
6735587
6736661
6736665
6736671
6737253
6737382
6739201
6740285
6740862
6742311
6744654
6745193
6747801
6747806
6748112
6751988
6754682
6754945
6755203
6756104
6756106
6716958
6723035
6723871
6723879
6724313
6725134
6725627
6725893
6726062
6727021
6728762
6732023
6733884
6734304
6736492
6736810
6739381
6739389
6739951
6740369
6740455
6740752
6741966
6742053
6745374
6748726
6749017
6753217
6753218
6754657
6755593
6755653
6720406
6721570
6722204
6724139
6724164
6724174
6724312
6724517
6728702
6728842
6730333
6730891
6732708
6733621
6733795
6734192
6734219
6734563
6735789
6735794
6736736
6737255
6739210
6739387
6739580
6740313
6740804
6741238
6742312
6742347
6742877
6743904
6744551
6745426
6748273
6748835
6751686
6751863
6753216
6755429
6755637
6755674
6755963
6756014
6737132
6741186
6733891
6725763
6740367
6742582
6723645
6721891
6738198
6728970
6728785
6753214
6751732
6742558
6755908
3651118
3651118
6728755
6728956
6747678
6728913
6739134
6741146
6741166
6747203
6749856
6737443
6737450
6737866
6752251
6739388
6740967
6725711
6725920
6733933
6744729
6725931
6735576
6722802
6716960
6727613
6749023
6737134
6730886
6739590
6733526
6733993
6726148
6745835
6740886
6722294
6748854
6736822
6754944
6722678
6744479
6756107
6728765
6731391
6755225
6728501
6747770
6737720
6752384
6721468
6755326
6726085
6744833
6656581
6732672
6726216
6744028
6727132
6728234
6728457
6720365
6727537
6686726
6686726
6749039
6755484
6745059
6740933
6739382
6733773
6739183
6739189
6740437
6740446
6724789
6724796
6721379
6736419
6755800
6720782
6742348
6725991
6685611
6723789
6723799
6724063
6748860
6735415
6748046
6736686
6742872
6756099
6740297
6740317
6732669
6742156
6692524
6726372
6748520
6730609
6730620
6722821
6727467
6752055
6739384
6725958
6741042
6745413
6726257
6724735
6734337
6721685
6716777
6748834
6747712
6736425
6746621
6736433
6720816
6722317
6744898
6725585
6744694
6751660
6724252
6748347
6748956
6755425
6755922
6755923
6754240
6748236
6730152
6736674
6748682
6755101
6755117
6728244
6730638
6730350
6755675
6744015
6732671
6744920
6745381
6724298
6744841
6740991
6735028
6737174
6736704
6740076
6726972
6741218
6740579
6742090
6725104
6725972
6741038
6742402
6740457
6752177
6730704
6737679
6745166
6740843
6721335
6728950
6755600
6755470
6748555
6736792
6751925
6751901
6726277
6742859
6721468
6756098
6737177
6736777
6752049
6726362
6656581
6733846
6744922
6740413
6742371
6726215
6734621
6692524
6745322
6749551
6723898
6747801
6747806
6730285
6728838
6740285
6732042
6744654
6725963
6755203
6737253
6722161
6736661
6736665
6754945
6756104
6756106
6739201
6754682
6721789
6751988
6720378
6736671
6728250
6733812
6745193
6740862
6725316
6742311
6735027
6748112
6735587
6737382
6736492
6732023
6734304
6741966
6725893
6739381
6733884
6740369
6725627
6740455
6736810
6725134
6739951
2390055
6723871
6723879
6724313
6728762
6755653
6753217
6753218
6754657
6755593
6749017
6726062
6739389
6727021
6740752
6745374
6742053
6748726
6723035
6716958
6735789
6735794
6720406
6732708
6730891
6734192
6756014
6733621
6733795
6740804
6745426
6748835
6748273
6737255
6722204
6742347
6743904
6739210
6751686
6724139
6724164
6724174
6724312
6751863
6755429
6755637
6753216
6728702
6721570
6744551
6739580
6742877
6755674
6755963
6739387
6740313
6741238
6734219
6724517
6734563
6742312
6728842
6736736
6730333
140017
140010
140004
139010
138758
138750
138135
137947
137946
137881
136352
136292
135820
135770
134863
134309
134300
134298
134293
134288
134285
134281
134273
134270
134269
134264
134262
134261
134256
134254
134253
134244
134182
134171
133748
132229
129196
129189
129179
129145
129110
129106
129103
127560
126615
126591
126570
125928
125880
125260
125204
125197
124541
124533
124163
123988
123885
123879
121988
121355
121351
120702
119644
118965
118957
118769
118766
118760
118757
118755
118735
118717
118703
117581
116870
116627
116203
116190
116157
116152
115725
115688
115386
115373
115361
115352
115331
113701
112927
111012
111004
110960
110955
110952
110916
108073
107354
106923
106922
106920
106898
106894
106888
106379
105914
105914
105913
105527
105051
105045
104968
104941
102779
100358
99240
98512
98510
98454
98439
98406
98336
98329
98321
93850
91636
91565
91378
91349
89004
88139
88138
88134
88128
88124
88117
88111
88075
88069
87753
87741
87239
86755
86373
86000
85390
85134
85082
85024
84785
84385
83512
83409
83342
83334
83310
82557
82548
81961
81877
81874
81865
81858
81851
81832
81663
81482
80821
80805
80771
80759
80742
80677
80326
79524
79151
79149
78883
78864
78857
78848
78846
78682
78544
78361
78069
77924
77921
77918
77911
77511
77370
76411
76270
76250
76052
75523
75523
74869
74838
74738
74734
73206
73183
73007
72964
71445
71158
71085
71065
69326
69288
68505
68306
68293
68268
68262
68257
68256
68249
68244
67747
67621
67594
67403
67309
66749
66742
66730
66718
66661
66652
66534
66068
65887
65782
64327
64104
63640
63502
63474
63442
63201
63160
63030
60883
60881
60875
60873
60160
60147
59796
58965
58718
58606
58605
58604
57983
57948
57835
57680
57231
56329
56011
55793
55612
54983
54916
54859
54801
54360
54218
54023
53823
53670
53280
52455
52361
52351
52337
52177
52017
51377
51070
50881
50330
50232
50022
49927
49917
49314
49308
49059
48943
48828
48286
48255
48233
47570
46613
46576
46495
46245
46113
45109
44958
44910
44901
44896
44887
44875
43858
43854
43850
43605
43534
43419
43360
43303
43269
43265
42634
42476
42435
42400
42313
42239
41386
40828
40786
40531
40463
39772
39632
39397
39151
39143
38903
38629
38149
38146
38118
37995
37770
37620
37313
37306
37292
36680
36659
36632
36624
36468
36441
36126
36119
35868
35619
35612
35584
35425
35263
35236
35121
35036
34969
34905
34661
34630
34381
34380
34333
34332
34321
34169
34116
34109
34023
33961
33952
33934
33913
33899
33844
33838
33837
33816
33755
33685
33672
33667
33658
33643
33157
33082
33067
32960
32959
32947
32932
32862
32860
32531
32502
32141
32110
32073
32032
32005
31988
31875
31846
31728
31584
31566
31441
31419
31062
31058
31038
31034
31030
31028
31021
31017
31012
31009
30888
30886
30826
30821
30814
30746
30731
30716
30697
30694
30693
30361
30355
30305
30237
30199
30029
29996
29875
29671
29588
29527
29497
29454
29395
29364
29197
29191
28926
28894
28872
28526
28287
28236
28226
28033
27949
27889
27805
27798
27445
27321
27246
27116
26875
26834
26689
26580
26452
26414
26369
26308
26286
26279
26070
26001
25995
25978
25945
25944
25940
25937
25809
25795
25739
25679
25537
25505
25455
25454
25452
25438
25436
25298
25169
25002
24866
24678
24588
24533
24522
24514
24236
24228
24225
24171
24003
23994
23991
23990
23858
23749
23615
23614
23322
23231
22731
22605
22568
21929
21926
21906
21819
21425
21404
21326
21200
21139
21019
20968
20907
20617
20382
20183
20164
19681
19579
19455
19382
19186
19143
18978
18916
18900
18892
18891
18873
18774
18566
18511
18452
18221
17930
17838
17794
17791
17748
17588
17530
17495
17423
17421
17256
17212
17157
17152
17131
17122
16947
16946
16775
16709
16708
16693
16692
16691
16690
16684
16673
16671
16670
16669
16667
16666
16543
16414
16387
16277
16265
16207
15904
15842
15304
15180
14975
14671
14654
14592
14317
14301
14218
14001
13873
13848
13680
13605
13551
13415
13413
13410
13304
13124
13106
13061
13020
12912
12883
12696
12657
12595
12588
12409
12368
12183
11956
11879
11846
11647
11613
11582
11581
11405
11255
11198
11021
10972
10945
10885
10824
10664
10662
10657
10634
10632
10600
10579
9928
9749
9624
8977
8772
7402
7177
7144
7068
7067
6956
6253
5758
4882
1854
1759
203787
203782
203753
203653
203648
203580
203575
203570
203528
203522
203394
203384
203374
203370
203364
203359
203241
203236
201535
201529
201525
201485
201480
199417
199402
199399
199390
199318
199309
199306
199303
199287
199284
199279
199277
199271
199258
199234
199233
199213
198382
198362
198353
198317
198106
198106
197301
197247
197238
196529
196523
196515
196470
196468
196466
196465
196461
196069
196054
196051
196029
196026
196025
196024
195892
195776
194697
194468
194464
194458
194455
193930
193924
193890
193250
193247
193244
193235
193231
193225
193044
192813
192807
192764
192133
192126
192122
192112
192109
192102
192079
191846
191835
191784
191780
191776
191773
191770
191430
191426
191420
191360
191357
191141
191134
191122
191112
189678
189414
189404
189401
189373
189372
189365
189361
189123
188981
188976
188970
188965
188959
187333
187332
186933
186490
185660
185651
185646
185495
185417
184649
184476
184220
184214
184207
184195
183900
183817
183608
183606
183537
183530
183474
183473
183472
183471
183193
182562
182560
182398
182391
182345
181916
181916
180937
180427
180214
180211
180203
180198
180194
180191
179902
179857
179850
179847
179846
179841
179839
179837
179823
179820
179818
179811
178592
178550
178549
178548
178546
177872
177845
177777
177768
177759
177751
177742
176711
176704
176702
176004
176003
176001
175999
174715
174689
174685
174586
174582
174579
174577
174261
174119
174085
174083
174039
174034
174031
174028
174025
173905
173901
173418
173416
173166
173020
172970
172918
172893
172873
172864
172861
172859
172855
172853
172852
172850
172848
172847
172845
172843
172575
172521
172517
172512
172510
172507
172503
172105
172099
172093
172087
172055
172051
171348
171334
171333
171326
171321
171296
171261
171253
171214
171008
171002
170993
170988
170699
170477
170473
170467
170463
170460
170136
169681
168800
168792
168788
168771
168759
168396
168390
167977
167970
167962
167959
167951
167945
167943
167938
167937
167933
167929
167923
167917
167916
167915
167878
167872
167867
167860
167781
167778
167741
167680
167564
167561
167561
167442
167435
167434
167430
167425
166750
166744
166706
166697
166689
166686
166652
166602
166590
166580
166417
166416
166412
166384
165578
165544
165538
165536
165531
165527
165523
165506
165497
165456
165150
165053
165048
165043
165037
165028
164369
163490
163190
163115
162860
162859
162856
162852
162761
162039
162035
161999
161993
161987
161837
160597
160322
160297
159431
158697
158672
158169
155861
155843
155841
154658
154585
153399
153395
153384
153382
153373
152827
151834
150454
150440
149333
148768
148225
148054
148052
148049
148044
148042
148038
148008
147786
147783
146651
146517
145733
145354
145351
145349
145343
144731
144505
144416
144399
144238
144178
143671
143669
142584
142579
141801
254760
252490
252487
252450
252378
251683
251391
251388
251383
251375
251372
251370
249833
249833
249298
247886
247874
247853
246043
245848
245842
245839
245836
245834
245808
245803
245800
245796
245794
245789
245786
245781
245775
245772
245765
245758
245756
245750
245667
245650
245628
245622
245612
244914
244503
244496
244496
244491
244487
243896
243894
243471
242819
242815
242812
242805
242624
242315
242313
242312
242311
242304
242284
242263
242260
242256
242238
242237
242232
242230
242225
242221
242150
241950
241493
240460
240424
240419
240414
239322
239279
239275
239237
239236
239233
239231
239220
239039
239039
238677
238420
238418
238073
237922
237535
237533
237532
237527
237524
237523
236669
236361
236248
236190
236187
236182
235907
235904
235895
235890
235889
235884
235882
235879
235877
235875
235873
235870
235865
235864
235860
235858
235544
235293
235290
235239
235236
235178
235170
235051
235049
234246
234241
234237
234234
234230
233893
233750
233412
233411
233409
233401
233396
233161
233159
232900
232895
232882
232880
232879
232876
232850
232847
232845
232070
232055
232051
232049
232037
232031
231253
231247
231148
231059
231050
230291
230285
230278
230272
229313
229106
228677
228153
228151
228147
228144
228142
228134
228110
228107
227621
227616
227019
226934
226931
226923
226720
226119
226062
226040
226036
226006
225890
225838
225706
225609
225604
225601
225580
225400
225393
225390
225362
225362
225362
225362
225362
225354
224823
224416
224415
224413
224411
224388
224378
223260
223229
223225
223224
223213
223198
223193
223190
223046
223043
222955
222803
222164
222159
222155
222150
222143
221692
221689
221687
221653
221471
221468
221466
221464
221462
221459
221444
221349
221348
221347
221345
221342
221338
221299
221232
221228
220994
220932
219192
219192
219085
219082
219080
219072
219069
218216
218216
218203
218130
217934
217929
217602
217587
217584
217238
217225
217126
216834
216832
216818
216080
215518
215515
215513
215510
215509
215502
215486
215010
214824
214619
214616
213229
213225
212939
211906
211904
211892
211883
211875
211823
211775
211772
211769
211601
211519
211513
211452
211447
211442
211437
211434
211311
211307
211134
210683
210682
210679
210676
210424
209794
209788
209779
209778
209771
209767
209764
209761
209729
209726
209679
209670
209661
209653
208670
208645
208638
208633
208616
208614
208607
208170
207573
207572
207569
207566
207557
207555
207551
207549
207543
207540
207348
207334
207330
207329
206504
206426
206414
206404
206376
206346
206025
206022
206020
205295
205275
205056
205051
205041
204674
204671
204668
204661
204570
204569
204192
306752
303887
303707
301922
301918
301913
301237
299942
299938
299935
299932
299927
299925
299661
299647
299582
298989
297259
296935
296930
296925
296921
296919
296917
296915
296912
293242
292827
292825
292822
292821
292816
292813
292809
292807
292803
292801
292796
292796
292030
291440
290881
289482
289482
288466
288463
288460
288457
288457
288451
288449
288445
288441
288437
288432
288426
288422
288417
288415
288410
288408
288404
288395
288392
288388
288385
288384
288381
285753
285750
285746
285744
284161
284118
283589
283581
282319
282315
282311
282307
281894
280890
280602
280597
280592
280588
280584
280579
278452
278369
278369
278330
278293
278285
278280
278276
278271
278210
277729
277696
276485
276481
276480
276460
276456
276451
276450
276446
276427
276424
275920
274782
274778
274763
274646
274644
274641
274637
274635
274629
274625
274620
274618
274614
274611
274607
274603
274594
274591
274589
274586
274579
274575
274570
274565
274237
273684
273667
273665
272320
268574
268566
267823
263849
263846
263844
263842
263839
263777
263774
263771
263767
263752
263749
263742
263737
263733
263563
263549
263539
263533
263525
263505
263494
259430
259426
259424
259420
259418
259416
259409
259405
259399
258999
257867
257440
257317
257087
257086
367732
356670
355058
355055
355046
354965
351217
349654
343847
341301
340206
339280
339259
338320
338318
335480
335480
330179
327755
326795
323601
323369
320906
313118
312891
312280
312280
311993
311991
311987
311981
311975
311966
311953
311949
311948
311944
311943
311939
311938
311936
311931
311929
311923
311918
311914
311910
311906
311905
311901
311899
311899
311898
311898
311897
311897
311896
311894
311894
311873
311873
311868
311865
434835
434828
434823
434819
434812
433691
433547
433503
433417
433415
433193
433190
433185
430621
430337
430326
430155
430152
428687
428555
427637
427633
427632
427627
427625
427623
426319
425413
425412
425408
425369
424356
424284
423102
423094
422640
422636
422634
422484
422476
419986
419920
419879
419873
419517
419405
419403
418840
418838
417715
417650
417649
417648
417646
416239
415507
415139
415122
415118
413246
412632
411433
410264
410242
409760
409752
408584
407931
407930
407668
407667
407666
407665
407554
407550
407542
407538
407536
407532
407528
407526
407525
407520
407463
407462
407461
407458
407453
407452
407449
407446
407445
407443
407440
407050
404401
404117
403986
403946
403020
402877
402873
402868
402866
400796
400767
400764
400757
400756
400755
400752
398325
398316
398313
398309
398307
398300
398298
398294
398290
395791
395777
395771
395766
395759
394315
393893
393873
393488
393438
391379
391267
391255
391249
391242
390704
390699
390697
390658
390649
390648
390647
390642
390636
390628
390621
390618
390617
390609
390604
390596
390580
390579
390577
390574
390564
390562
390561
390558
387850
387238
387233
381946
381946
377813
374022
369508
503341
503333
503320
503313
503279
503276
503243
503242
503241
503238
503085
500590
500177
498285
498243
498240
498206
498203
498202
496678
496676
496571
496567
495700
495694
495691
495684
495680
495677
495673
490699
490609
490520
489037
489036
488924
488910
488905
488903
485560
485547
485101
485088
485083
484170
484168
484164
484160
482557
481935
481929
481341
479506
479504
479502
479501
479499
478193
476689
476687
475227
475223
475215
472411
472410
472407
472405
472403
472400
472398
472385
472381
471499
471493
471488
471483
471480
471468
471052
468473
468470
468441
468440
468438
468208
468205
468202
468200
466743
464901
464899
464895
464892
464889
464888
464886
464879
464877
462737
462729
462727
462722
462688
461076
461074
460564
460561
460557
460555
460551
458457
458452
458449
458413
458394
458391
457723
457720
456997
456985
456982
456978
456400
455723
455722
455720
455715
455711
454796
452865
452856
452853
452851
452845
452599
452081
452076
452073
452066
452056
452048
452012
451954
451947
451945
451938
450208
450197
450193
450188
450182
450155
450147
449530
449526
449524
449517
449510
447775
447771
447770
447768
447767
447762
447759
447758
447757
447756
447754
447752
447749
447748
447745
447743
447741
447620
447377
447372
447368
447216
447212
445470
445466
445463
445394
444244
444242
444070
444047
444019
444011
444005
443879
443876
441371
440867
440849
440845
440820
440817
440815
439805
439803
439333
437949
437907
437092
436704
436702
436695
436690
436684
436681
436253
436252
561941
561933
560690
560690
560690
557531
557465
557461
556010
553760
542239
542032
541182
540360
527455
526958
526397
524459
523377
523339
522321
522319
518518
518510
518397
518377
518356
518344
518335
518327
518322
518319
518315
518303
518299
518097
517246
517185
517182
516267
516265
516259
514903
514803
514803
514802
514800
514798
514796
514795
514794
514793
514792
513625
513183
513183
513028
511514
511511
511505
511495
509443
509440
509440
509439
509432
509377
509373
509371
509370
509348
509345
506930
506886
506054
506029
506024
506008
645262
642520
642500
638782
638446
636873
633370
631843
631840
628750
625547
625099
621451
621015
620527
620287
618026
617133
615362
613063
604077
600437
597191
589007
575048
574574
574569
566106
792818
787001
774844
774417
772189
771841
771833
768479
756888
755462
755462
754832
754832
752747
752001
751389
747135
743469
743469
740862
740171
740160
726728
726728
726723
715580
703326
703216
677943
663150
947571
938186
937369
928432
925254
904117
836883
833068
823270
821888
819261
818583
809280
802112
802112
800940
800616
1256911
1256910
1256910
1175744
1146207
1133455
1081485
1074645
1062359
1035836
1035836
1009138
990979
974258
1298166
1527114
1422415
1491059
1523464
1363019
1271233
1298167
1411965
1456292
1271233
1311826
1321406
1621479
1783848
1810767
1853336
1916537
1931322
1654131
1735706
1804422
1913146
1666121
1760826
1735704
1862060
1709664
1730036
1647203
1783850
1819023
1888850
1717017
1732898
1840851
2292800
2116899
1982211
2163717
1980190
2112878
2121010
2348478
2222997
2059718
2328800
1332317
2390055
2348522
1976504
2343140
1976502
2111241
2329822
2100509
1977779
1953723
2150825
1999354
1641131
1976504
2201986
2316140
2116546
2201986
2162376
2076644
2071804
2328812
2329822
2029741
2004304
2261241
2149068
2343161
1985665
2104259
2130419
1995973
1982211
2888498
2565487
2634238
2510438
2502524
2751821
2592333
2786161
2644681
2444288
2565500
2502524
2644695
2565511
2656011
2674272
2270762
2844629
2645789
2806066
2689165
2654196
2507014
2791997
2888497
2713589
2831298
2702764
2750415
2406071
2565510
2578247
2645637
2751821
2856081
2844637
2856080
2510437
2800314
2435712
2648318
2674277
2633100
2873439
2612780
2674256
2565499
2624746
2674260
2842518
2603331
2577029
2577029
2841310
1065891
2623812
2565489
2624746
3365698
3516781
3011109
3031007
3030996
3010202
3533089
3165371
2979718
3345650
3213167
3052203
3187804
3519392
3035511
3031020
3032437
3349771
2933318
3373122
3365698
3492223
2933317
3035512
2938986
3487103
2937927
3030982
3031014
3283773
2948706
2993151
2999601
2938986
2937954
2987641
3373122
2930345
3429168
3057224
2967799
3340784
3530889
3195858
3523577
3345650
3010210
3487123
4296519
3983579
3642247
3896044
3906272
4231740
3756901
3827676
4308096
3983559
3962610
4012140
3651118
4012916
3993362
4296519
4337990
3695376
3698101
4012158
3874163
3679657
3606619
4181910
4337989
3896045
4308098
3752996
3696988
3695376
3651118
3693305
3698101
3611913
3631897
3639411
4181910
3788320
3752996
4066430
5324540
4856353
4734131
4604007
5113993
4801028
4734131
4801006
4617243
4733385
4794335
4634907
5324540
5004369
5270622
4442511
5060338
5078001
5303162
5252979
5252979
5221831
4963017
5243324
5253917
5221828
4960350
4873928
4638144
4925516
5010243
5329829
5253917
5222818
5249809
5148006
4385769
4627437
4849902
4838097
5010244
4490270
4491432
4838114
5191298
5230779
5243119
5303162
4734118
4604007
5267327
5230807
4733385
4490286
4908366
5273185
4869364
4849887
4873944
5267533
5061124
5273193
4672656
4963006
4838123
5060338
4442511
5201447
4385750
4808054
4407111
5155756
5048951
4729827
5285827
4617243
4385745
5204255
5250135
5285719
5267533
5019295
4385729
4702205
5061176
5488699
5527197
5778312
5901883
6174085
6174085
5725674
6154376
5398029
5692743
5996332
5996332
5895874
5847810
5875011
5996328
5658714
5998035
5935521
5697586
5527181
6131515
5829617
5917337
5778202
6185796
6185796
6154421
5900555
5384869
5445253
5350179
5761391
6154421
6177272
6150759
5821703
5986682
5722448
5735752
5989878
5455004
5795259
5895866
5847810
6175598
5986459
6053670
5700330
5597717
5912356
5856092
6150759
6175598
6085057
5821703
5932200
5791846
5790043
5996374
6145512
5697584
5865096
5924624
5924624
6053670
6131502
5778202
5659740
5943354
5885409
5885409
5694415
5697882
5932241
5445254
5445254
6102204
5445207
5996305
6176855
5697379
5829617
5488643
5875011
5803927
5778312
5996305
5932657
5989878
5692966
5694415
5708519
5922918
5986459
6131502
5445253
5735752
5350963
6145514
5996374
5563066
5829666
6102204
5445207
5932657
6099396
5998011
6185292
6185292
5900555
5795259
5856092
5917337
5649766
5996328
5909856
5398029
5427646
5943414
6137833
6137833
5865096
5747738
5790043
6099396
5697882
5895866
5829666
5597737
5537504
5825630
6154376
6131515
