6356409
6286404
6559362
6450614
6428377
6427433
6663360
6755614
6286324
6568640
6742350
6610470
6680328
6673055
6375733
6375733
6724559
6636341
6656739
6279621
6286283
6303665
6303665
6581397
6669669
6275850
6356409
6286262
6435876
6410567
6275663
6286467
6568622
6568714
6742354
6456467
6714016
6724559
6286101
6247187
6323298
6510739
6618491
6566582
6249059
6572184
6696606
6669669
6751756
6728955
6237879
6575668
6752840
6285758
6286665
6271188
6271147
6572362
6420290
6328595
6238010
6238010
6656739
6595799
6749495
6566582
6345581
6480172
6641177
6742863
6607428
6723023
6247063
6247160
6275764
6410180
6410567
6604478
6275933
6568714
6680328
6328595
6705716
6286170
6285933
6575680
6575682
6264633
6285946
6696606
6741240
6723013
6325830
6669665
6247152
6275592
6237879
6578006
6286944
6237669
6613947
6442320
6442320
6714016
6420290
6285894
6271003
6480172
6571974
6654587
6607428
6544056
6428377
6428377
6428377
6410180
6286696
6755607
6543642
6237669
6610470
6275548
6434492
6705716
6352624
6584736
6567310
6510739
6749498
6480172
6545873
6571801
6751766
6728955
6450614
6264680
6568640
6683959
6543642
6673055
6752720
6636341
6286806
6575670
6575685
6751820
6731384
6731387
6497135
6578006
6435876
6410124
6286856
6575019
6568622
6540530
6456467
6285911
6285971
6352624
6575681
6584736
6279621
6286041
6618491
6233845
6345581
6249059
6744780
6617685
6325830
6669665
6724559
6742350
6755614
6696606
6714016
6724559
6742354
6751756
6723023
6728955
6742863
6749495
6752840
6696606
6705716
6723013
6741240
6714016
6705716
6749498
6751766
6755607
6683959
6728955
6731384
6731387
6751820
6752720
6744780
6742350
6724559
6755614
6680328
6742354
6724559
6751756
6714016
6696606
6595799
6749495
6752840
6641177
6723023
6742863
6728955
6705716
6723013
6741240
6696606
6680328
6714016
6749498
6705716
6751766
6755607
6683959
6751820
6752720
6731384
6731387
6728955
6744780
134863
134860
133613
128854
128362
128355
127962
127455
125230
124209
124200
122792
122227
117737
115731
115715
115714
115711
115708
115702
114386
112833
112828
111780
108484
104957
102361
98098
96846
95458
95204
92730
92728
92728
92728
92728
92728
92728
92728
92098
90367
89093
88215
87864
86800
86376
81237
81229
78850
77104
75949
75185
75132
75130
75129
73211
73204
73200
73189
73087
71760
70609
69622
68562
68557
66786
66783
65443
64599
63949
59785
59480
59468
59457
58601
57855
56675
56272
55829
55580
55573
55567
55559
55551
54926
54923
54910
54904
54902
54886
54875
54864
54854
54848
54837
54831
54805
53695
53376
51633
50942
50014
49239
48586
46383
44022
43947
43425
42179
41768
41110
39646
39644
39641
39638
39520
39477
38967
38824
38822
38816
37242
37097
37046
36959
36883
36524
36468
36442
36353
36016
36015
35943
35928
35926
35920
35712
35651
35589
35586
35429
35427
35424
35071
35070
35059
35043
35036
34856
34853
34837
34815
34804
34748
34706
34696
34663
34606
34595
34593
34586
34558
34556
34481
34428
34376
34366
34365
34165
34113
34099
34018
33999
33963
33927
33910
33843
33842
33668
33666
33665
33564
33563
33496
33452
33430
33399
33380
33370
33369
33368
33356
33296
33290
33288
33286
33285
33280
33271
33252
33249
33240
33177
33162
33127
33087
33066
33065
33023
33022
33010
33001
32991
32949
32948
32934
32929
32928
32859
32858
32627
32626
32532
32488
32321
32320
32319
32318
32013
32008
31985
31885
31877
31873
31654
31344
31269
31268
31267
31266
31265
31264
31263
31262
31261
31260
31259
31258
31257
31213
31203
31078
31041
31037
31027
31024
31022
30883
30865
30747
30734
30732
30717
30715
30604
30600
30597
30596
30547
30541
30512
30364
30362
30329
30245
30242
30241
30234
30051
29985
29921
29869
29868
29800
29741
29740
29711
29710
29685
29678
29583
29552
29371
29322
29321
29320
29318
29315
29313
29294
29264
29201
29165
28941
28939
28888
28887
28885
28884
28875
28874
28578
28565
28562
28478
28477
28476
28475
28474
28473
28472
28471
28470
28469
28468
28467
28466
28465
28462
28461
28460
28459
28458
28457
28456
28454
28453
28452
28451
28450
28449
28448
28447
28446
28444
28443
28442
28441
28440
28439
28438
28437
28436
28435
28434
28433
28432
28431
28430
28429
28428
28427
28426
28425
28424
28423
28422
28421
28420
28419
28418
28417
28416
28415
28414
28413
28411
28398
28367
28289
28269
28237
28231
28138
28107
28080
28064
28052
28032
28008
27998
27994
27967
27966
27896
27816
27815
27806
27804
27802
27771
27709
27695
27694
27570
27485
27433
27372
27356
27352
27345
27323
27279
27270
27269
27245
27110
27001
26999
26869
26812
26810
26742
26741
26733
26661
26645
26635
26629
26578
26577
26558
26508
26504
26498
26493
26491
26487
26450
26410
26380
26379
26367
26278
26171
26162
26160
26035
26028
26027
26013
25950
25947
25946
25943
25942
25941
25939
25932
25931
25780
25716
25710
25681
25680
25642
25641
25640
25639
25564
25563
25529
25127
25079
24888
24765
24756
24722
24721
24719
24718
24717
24716
24680
24671
24623
24620
24601
24589
24587
24585
24573
24528
24522
24515
24512
24511
24373
24331
24328
24327
24325
24268
24236
24169
24088
24027
23995
23915
23872
23869
23848
23779
23759
23751
23738
23736
23620
23613
23495
23443
23401
23400
23399
23398
23397
23390
23379
23375
23237
23224
23039
22815
22768
22746
22685
22683
22593
22529
22494
22493
22492
22491
22398
22397
22396
22297
22277
22251
22236
22185
22116
21963
21952
21816
21799
21718
21707
21702
21700
21696
21681
21652
21649
21643
21574
21529
21511
21339
21165
21164
21163
21155
21152
21150
21147
20980
20979
20978
20977
20976
20975
20953
20945
20943
20942
20908
20707
20699
20632
20598
20594
20566
20564
20561
20559
20462
20460
20457
20431
20387
20278
20263
20213
20163
20162
20161
20160
20159
20038
20015
20008
19990
19967
19939
19936
19861
19784
19783
19782
19711
19708
19706
19682
19679
19653
19627
19625
19614
19606
19605
19583
19578
19577
19576
19457
19455
19443
19394
19380
19379
19337
19315
19188
19187
19184
19182
19180
19078
19073
18977
18909
18706
18695
18640
18543
18499
18430
18281
18140
17945
17944
17941
17899
17898
17868
17775
17774
17773
17764
17763
17711
17691
17689
17688
17686
17684
17681
17679
17676
17673
17670
17669
17658
17651
17650
17649
17646
17641
17618
17617
17606
17604
17602
17587
17457
17430
17367
17365
17364
17355
17353
17350
17347
17342
17338
17326
17301
17300
17299
17298
17215
17210
17208
17206
17204
17160
17136
17070
17046
16989
16960
16879
16877
16876
16801
16800
16708
16665
16657
16635
16607
16567
16558
16556
16555
16553
16548
16538
16509
16433
16429
16428
16411
16410
16383
16364
16279
16247
16225
16219
16212
16205
16156
16115
16083
16080
16076
16075
16074
16069
16063
16062
16059
16054
15917
15909
15908
15892
15878
15810
15808
15805
15800
15755
15659
15644
15513
15499
15329
15271
15179
15148
15090
15045
15042
15038
15037
15024
15023
15022
14926
14897
14825
14820
14819
14818
14817
14661
14629
14523
14460
14459
14458
14457
14456
14455
14454
14453
14452
14451
14450
14449
14448
14447
14446
14445
14444
14443
14442
14441
14387
14365
14341
14323
14312
14293
14245
14188
14173
14171
14169
14067
14066
14063
14062
14061
14040
14013
14009
14004
13988
13947
13946
13945
13944
13943
13921
13917
13890
13886
13874
13869
13868
13866
13844
13800
13797
13753
13752
13747
13732
13694
13680
13674
13670
13635
13615
13607
13606
13601
13592
13575
13563
13471
13429
13421
13391
13382
13335
13295
13294
13243
13242
13234
13224
13196
13191
13186
13157
13156
13154
13150
13147
13146
13145
13128
13127
13122
13109
13108
13096
13094
13078
13074
13073
13070
13059
13054
13045
13028
13027
13024
12999
12980
12979
12976
12975
12974
12973
12970
12956
12955
12948
12947
12946
12915
12912
12887
12882
12880
12813
12789
12780
12772
12771
12736
12735
12733
12700
12697
12696
12688
12681
12679
12659
12577
12576
12566
12485
12467
12465
12464
12461
12390
12389
12371
12370
12367
12365
12364
12358
12350
12349
12322
12321
12268
12264
12258
12216
12207
12149
12146
12141
12109
12108
12107
12086
12054
12051
12046
12040
12039
12032
12031
12016
12001
11971
11964
11963
11955
11926
11919
11898
11846
11824
11823
11816
11784
11725
11696
11671
11653
11645
11635
11634
11618
11610
11609
11608
11604
11572
11534
11531
11516
11505
11469
11456
11427
11426
11425
11424
11404
11403
11387
11384
11377
11363
11347
11340
11339
11336
11327
11271
11270
11267
11266
11249
11247
11217
11199
11159
11158
11118
11080
11079
11042
11032
11026
11017
11006
10984
10967
10942
10897
10848
10846
10845
10821
10816
10792
10787
10740
10679
10660
10655
10654
10640
10599
10596
10592
10590
10589
10587
10581
10577
10504
10497
10495
10492
10490
10487
10484
10449
10439
10406
10405
10386
10385
9998
9936
9934
9933
9932
9929
9927
9926
9906
9871
9810
9751
9743
9742
9741
9735
9733
9730
9727
9726
9725
9600
9599
9469
9203
9202
9050
9049
9009
8997
8933
8932
8931
8929
8927
8926
8925
8923
8919
8918
8917
8913
8912
8910
8906
8889
8888
8775
8774
8773
8764
8758
8757
8756
8559
8558
8351
8343
8288
8286
8285
8280
8243
8239
8158
8157
8024
8023
8021
7948
7947
7946
7945
7836
7834
7833
7832
7831
7830
7828
7827
7824
7823
7822
7819
7806
7805
7804
7728
7726
7725
7652
7651
7650
7649
7648
7647
7646
7645
7642
7401
7265
7187
7157
7156
7098
6860
6690
6684
6425
5207
5056
4757
4755
4753
3565
2708
2434
2433
2431
2430
2429
2288
2279
2278
2277
2276
2275
2274
2273
2272
2264
2010
1816
1815
1764
1763
1759
1758
1650
1637
1636
1635
1634
1423
1422
1421
1420
1419
1418
1417
1416
1415
1399
1254
1056
360
199670
199148
198940
198148
198132
190075
190071
185152
183467
182551
178824
174191
173900
172363
172311
172304
172301
172298
172296
170115
168409
167871
167839
165613
165603
165596
165593
165579
165577
165573
165567
165556
165555
165552
165549
165539
165532
165526
164433
158177
158144
157944
157895
157618
157068
156227
156016
153500
153008
152753
149493
149493
147729
146650
146213
144149
255488
254308
251753
251749
246222
245086
245081
243091
241694
240063
240002
239065
235307
232927
232766
232542
231304
231109
229850
229215
228778
227047
225841
225841
225751
221475
221475
221473
221308
221304
221300
221300
218802
218756
218756
218232
218225
218210
218192
218075
216990
212482
212307
211305
210806
210806
208865
205679
205674
205669
205633
205627
205622
205617
205612
205601
205592
205587
205461
205453
205446
205441
205436
205429
205424
205416
205407
205392
205392
205356
205352
205301
205286
205286
205156
205156
205107
205100
204513
305256
304948
291488
290815
290800
290755
290724
290616
290182
290158
290144
290139
290125
290120
289743
289638
289633
289625
289621
289618
289565
289510
289427
289420
289193
289036
288814
288430
288419
284116
279614
278312
275070
270876
269717
269393
261661
260678
366551
365063
352184
349655
349313
349309
349304
349304
349254
346265
345677
337599
337599
336267
333011
333004
328560
325499
321298
320841
320841
320069
318326
312430
434346
434346
433902
419986
412025
408340
405814
404770
399194
398423
397215
387236
384483
373898
373898
370007
494658
494658
494499
492398
492347
490609
490520
488194
484785
482542
471144
467030
466978
461151
437598
560880
560880
559929
559929
558822
555312
552172
552172
520266
506972
636591
636591
628859
614160
596414
591798
591094
578973
792818
785950
759307
757771
757771
754880
752655
752314
747040
746862
746722
746622
744376
713168
713168
679261
679261
949376
924384
924384
923576
916156
904115
854957
852116
832314
802080
1186265
1058373
1056230
1035826
1035826
1015902
1006186
1006186
1003957
1003957
988456
1249543
1513484
1544409
1418494
1293746
1317633
1549980
1317536
1363014
1479193
1623515
1623546
1887733
1891772
1736827
1760823
1623514
1680292
1576051
1917699
1732898
1908909
1593102
1783239
1644581
2115789
1985661
2051015
2251798
2338449
2144476
2231123
2025987
2254865
2297493
1976501
2375553
2334896
2375553
1977692
2144476
2020758
2147437
2334691
2115789
2003316
2297509
2392146
2246141
2156251
2115791
2254865
2334691
2231135
2051015
2334896
2119775
2115791
2097844
2162357
2278821
2235406
2156251
2490993
2758673
2688452
2505398
2488584
2578282
2505402
2702778
2674744
2645572
2645541
2433975
2617539
2502597
2534378
2704036
2645542
2617539
2502597
2524682
2452703
2534367
2702777
2465563
2490993
3023802
3378227
3181455
3050273
3362400
3031018
3289293
3096959
3208898
3144829
3111781
2933301
3349460
2971831
3015644
3031016
2994416
3418292
2982748
3181456
3026884
3373424
3248800
3083963
3016526
3523594
3022695
2994416
3402995
3030268
3020593
3362401
3134124
3428755
3015644
3299630
3165348
3165347
3037378
3362401
3030271
3199749
3026885
3370482
2982748
3030269
3291691
3289312
3134127
3530645
3299629
3523590
3474087
3037374
3349771
3037376
3070387
2933302
3523589
3523578
2971852
3108566
3040132
3390404
3050273
3514500
3362400
3040117
3402996
3761522
4128627
3724437
3717210
3840198
3913157
3883660
4296418
4265369
3815022
4251255
3846035
4294628
3677096
4046805
3946330
4336604
3717484
4055803
3801674
4027347
3954657
3722195
3779382
3987624
4128627
3738245
4081199
3815046
3839261
3962625
3720608
3954640
3982805
3846035
3834921
4018009
3779381
3913222
4027599
3779390
4226611
4055803
4294643
4296418
4251255
4337714
3946320
3986857
4231760
3676747
3677107
3913154
4370907
3986905
3724447
3845782
4251022
3811783
4138173
3986905
4290017
3801673
3887949
3717213
4027616
3736682
4317315
4018009
3954658
4251021
3913234
4231760
3709488
4337876
4114520
4331660
3717484
3819953
3883642
4331660
3735563
4337735
3736682
4337877
3599453
4180236
3852982
4046827
4290012
4728348
4385749
4994548
5003482
4702227
4957654
4905793
5286885
5003110
5098652
4955803
4600131
4914776
4553419
5250151
5039249
5098637
5008441
5161651
5003101
5003116
4727981
5250404
4679809
5140646
5029322
5008426
5031179
4728348
4794812
4449869
4867702
5003108
4553413
4652136
4791713
4810541
5161651
5105218
4401811
5061707
5054360
5138318
4680690
4401829
4749061
4995477
5186386
5251439
4995473
5314476
5263975
5219873
5311248
4810544
4804196
5010233
5338604
5003104
5084838
5067426
5003106
4799511
4922479
4905793
4800959
4777106
4558685
4800936
4727981
4665224
5140583
4770908
4648168
5108543
5003484
5243278
5290578
4914922
4852669
4630111
5310112
5250151
4739846
4873943
5003118
5201447
4617053
4866162
4490260
4852652
4914806
4749049
4407133
4558700
5314476
5331748
5286954
5230911
5306250
5303169
4838095
4648151
4791712
4849890
5031376
5339043
4652136
5010227
5263975
5290578
5219896
4922480
4873927
4679811
5003102
4867688
4866163
4810539
4810538
4951428
4955811
4720409
5108565
4385762
4859987
4770907
4685560
4777113
5003100
5003103
4994544
4912011
5788476
5396776
5894468
5454661
6017089
5445195
6017081
6025414
6016438
5719833
5996373
5881923
6036268
5996214
6036271
5896385
5563039
5843070
5996335
5996373
6210742
5808310
5938993
6131484
5893333
6017089
6036268
5795619
5900511
6036271
5996347
6016441
5672723
5795252
5620587
5829617
5852968
6142284
6135580
5488571
6033592
5821710
5644586
5454661
5454661
5695364
6025427
5996214
5633709
6169116
5573410
5620649
6191882
5548180
6142282
6142286
5865125
6016466
6033592
5586810
5696116
5832721
5440576
5440576
6131503
6069083
5825559
6092453
6092453
6169116
5708570
5691027
5531532
5843070
6142275
5821687
5396776
5942410
6131484
6106949
5607727
6154420
6210684
5842969
5864951
5793065
5781730
5820703
5825559
5959472
6157602
6199283
5633710
6141478
5865125
5821684
5821684
5821687
6030544
6131514
5942410
6069083
6106201
6037704
6017081
6025427
5754516
5959472
6145451
6157602
5697072
5612275
6064624
6141412
5596175
5375941
5821949
5636738
5996347
5563039
6141438
5996335
5852983
5864879
5935385
5489249
5586810
5938993
6142265
5445160
6025414
5670826
6016441
5829617
5849574
5829462
5821710
5375932
5445195
6023404
5350320
5690994
6017951
5865553
6141429
5935385
5595588
6131503
5795252
5488680
6030544
6131514
6139636
5929472
5662236
5759530
6210566
6191866
6016466
5343961
5350082
5758235
5949107
5842969
5904549
5784853
5900511
5636738
5949107
5896408
5829462
5881923
5832721
6141493
5454661
5781730
6016438
5795570
5991152
6210833
5852968
