6292905
6450614
6529987
6614215
6581397
6669671
6585642
6409762
6721468
6568714
6714016
6656581
6614215
6323298
6686726
6686726
6618491
6669668
6653108
6237879
6604480
6581398
6607428
6533467
6568714
6456465
6237879
6587095
6721468
6237669
6714016
6529584
6656581
6600875
6452817
6607428
6585642
6533467
6587095
6604480
6459767
6237669
6431321
6607484
6275548
6529584
6584693
6452817
6292905
6450614
6529987
6431321
6600875
6456465
6572184
6260478
6260478
6459767
6584693
6581398
6618491
6669671
6653108
6686726
6686726
6714016
6721468
6714016
6721468
6714016
6721468
6656581
6686726
6686726
6714016
6721468
6656581
134309
134281
134270
134262
134256
134254
134244
118757
118755
115373
115352
106922
106914
106894
106888
98336
91565
88128
88117
88075
82557
82548
81961
81834
81832
81828
80821
80805
78682
77918
76089
73007
67646
67621
67606
67534
67517
67136
67127
65112
63511
63201
60160
57948
55793
52361
50881
50330
49828
48511
48233
44901
44887
43269
39151
37313
37306
37292
36119
33992
33356
30237
29197
28562
27913
18502
17160
14441
14244
13127
10679
10655
203782
203753
203399
203374
203370
203359
203241
201564
201535
201485
199410
199390
199253
199237
198353
196546
196468
196466
196465
196069
196054
196051
196029
196024
194464
194458
194376
193244
193225
193046
192116
192102
192079
191784
191780
191776
191773
191420
191357
189414
189410
188959
188956
186945
185646
185508
183900
183820
183689
182562
182560
179853
179847
179846
179841
179837
179824
179823
179820
178549
178548
176713
176711
175999
174577
174078
174031
172859
172850
172848
172847
172845
172105
172087
171348
171339
171333
171326
171296
171261
170993
168779
168771
167962
167945
167943
167917
167909
167878
167872
167867
167860
155861
155841
254760
252490
252450
249315
247886
246043
245646
243894
242624
242256
242238
242237
242232
242230
242225
242221
241950
241497
239279
239275
239237
238420
238418
237922
236187
235910
235903
235893
235891
235890
235889
235884
235882
235879
235875
235873
235870
235864
234246
234241
234234
234230
233750
233412
233409
233401
233399
233396
232070
228144
228142
228134
228110
228107
227019
226936
226931
225599
225580
225400
225393
225390
224823
223229
222164
222159
222155
222150
221653
221464
221459
221444
221347
221338
217934
217929
215513
215510
215509
213229
211769
211601
211450
211442
209729
209722
208170
207573
207572
207555
207545
206057
206025
206020
204570
271028
367732
356670
355046
349654
338320
338318
323601
323369
320906
319638
317833
434835
434828
434823
434819
434812
433691
433547
433503
433417
433415
433193
433190
433185
430621
430337
430326
428687
427637
427633
427632
427627
427625
427623
426319
425413
425412
425408
425369
424356
424284
422640
422636
422634
422484
422476
419920
419879
419873
418840
418838
417715
417650
417649
417648
417646
415139
415122
415118
413246
412632
411433
409760
409752
407931
407930
407668
407667
407666
407665
407554
407550
407542
407538
407536
407532
407528
407526
407525
407520
407463
407462
407461
407458
407453
407452
407449
407446
407445
407443
407440
405804
405804
403986
403946
403348
403020
402877
402873
402868
402866
400796
400767
400764
400757
400756
400755
400752
398325
398316
398313
398309
398307
398300
398298
398294
398290
395791
395777
395771
395766
395759
393893
393873
393488
393438
391379
391267
391255
391249
391242
390704
390699
390697
390658
390649
390648
390647
390642
390636
390628
390621
390618
390617
390609
390604
390596
390580
390579
390577
390574
390564
390562
390561
390558
385755
381946
381946
376928
373398
496676
496571
496567
485560
485547
478193
461076
461074
460564
460561
460557
460555
460551
457723
457720
456997
456985
456982
456978
456400
455723
455722
455720
455715
455711
454796
452865
452856
452853
452851
452845
452599
452081
452076
452073
452066
452056
452048
452012
450208
450197
450193
450188
450182
450155
450147
449530
449526
449524
449517
449510
447775
447771
447770
447768
447767
447762
447759
447758
447757
447756
447754
447752
447749
447748
447745
447743
447741
447620
447377
447372
447368
447216
447212
445470
445466
445463
445394
444244
444242
444070
444047
444019
444011
444005
443968
443936
443879
443876
440849
440845
440820
440817
439805
439803
439333
437949
437907
436704
436702
436695
436690
436684
436681
541174
518994
514495
514495
638413
636873
636353
620527
585557
791768
771841
771833
769540
757122
757122
752393
751425
751425
746622
726728
726728
726723
700362
700310
694473
694453
964597
947571
940011
924527
912837
833068
829879
829879
809254
809254
1250428
1250428
1186891
1147648
1147648
1084806
1074645
1068915
990652
990652
974258
1276224
1289790
1469834
1284926
1284926
1387969
1387969
1321406
1415013
1916537
1826106
1800924
1700992
1800924
1726739
2281764
2237899
2112878
1966508
2237902
2286118
1332317
1977055
2003316
2281764
2343140
2252737
2329822
2316140
2252752
2329822
2343161
1995973
2565487
2885735
2510438
980584
2565500
2565511
2565495
2806066
2713589
2750415
2624752
2718829
2616226
2565510
2856081
2582442
2565484
2856080
2510437
2582441
2674277
2873439
2507487
2565501
1590214
1352769
2565499
2674260
2603331
2814764
2510440
2445658
2565489
2624752
2945470
3231954
3369446
3187804
2982748
3035511
3054495
3054498
2999615
3035512
2937927
2982748
2999601
3369449
2937954
3983579
3568472
3568472
4151067
4181910
3606786
4329803
4181910
3788320
4733385
4794335
4475868
4699330
5221828
4540721
4495666
4495679
4699330
4733385
4696712
4407505
5273193
4475868
4408395
5204255
4407486
6060278
5670949
6017089
5996332
5996332
5722896
5892935
6017089
5998035
5445253
5725459
5409791
6157609
5892935
6060278
5351013
6120720
5986459
6053670
5409685
5409792
5778187
5754516
5924624
5924624
5401852
6053670
5864879
6089036
5575976
5401852
5351013
5986459
5778187
5445253
6120720
5829666
5998011
5649766
5864935
5781707
5784853
6212466
5722896
5829666
5781707
5825582
5825582
5795380
6157609
