6559362
6584865
6575692
6663360
6529881
6275850
6435789
6275663
6380424
6669650
6435789
6271188
6271147
6572362
6247063
6275764
6275933
6264633
6669665
6275592
6529881
6271003
6544056
6584865
6264680
6497135
6744780
6669665
6669650
6744780
6744780
140004
139010
138758
138750
137881
136292
135820
129189
129179
129106
129103
126615
126591
125928
125204
125197
124541
124533
123885
123879
121988
121351
116870
116627
116203
116190
108073
106379
105527
102779
101711
100358
92098
87753
87741
87239
86755
86000
85134
83512
83409
80759
78883
78864
78857
77370
76411
74870
74869
74838
74827
71085
71065
68293
68262
68257
68256
68249
68244
67403
67309
66534
63030
60883
60881
60875
60873
58606
57983
57835
54983
54916
54218
54023
51377
49927
49917
42634
40828
39397
38903
38629
38149
38146
38081
38076
36632
36624
35059
33844
32604
31988
31625
26452
25978
25949
25127
22677
21929
17838
17680
17157
16968
16265
14822
14665
14198
14044
14029
13943
13304
11825
11658
11634
11613
11586
11198
10664
10600
10359
9624
7831
203580
203575
198317
196529
196523
195892
193930
193924
193890
193440
192764
191846
191835
191730
191620
191141
191134
191122
189678
189373
186490
184649
184220
184214
184207
184195
183530
183474
180937
180214
180211
180203
180198
180194
180191
178592
177845
177759
177751
174689
174685
174261
173905
173166
173020
172521
172517
172512
172510
172507
172503
172073
172070
170477
170473
168671
168668
167685
167680
167442
167435
167434
167430
167425
166750
166744
166706
166697
166689
166686
166602
166590
166580
165578
165456
165053
165043
165042
165037
165028
164369
163190
162860
162859
162856
162852
162039
162035
161999
161993
161987
159431
154658
154585
153399
153382
153373
146683
146668
144505
144416
144399
143671
143669
142584
142579
245667
245650
245622
245612
245088
245088
244914
244838
244834
242819
242815
242812
242805
240460
240419
240414
239220
238677
236669
234860
233893
231253
231247
231162
231148
229758
229313
228895
228880
228677
228669
227621
227616
226119
226040
226036
226006
225838
223296
223292
222955
220994
220932
218130
217126
216080
215486
215010
212961
212939
211934
211926
211906
211904
211885
211531
211519
211513
211511
211509
211508
210683
210682
210679
210676
209951
209794
209788
209778
209767
209679
209670
209661
209653
207348
206572
206504
206426
206414
206404
206376
205056
205051
205041
204192
298989
258999
257317
339860
326756
326756
408584
398914
554037
546471
546471
597191
562257
754832
754832
746651
800616
1057047
1385954
1385954
1913148
1576051
2059718
1976504
1977779
2119773
1976504
2119775
2029741
2490993
2648318
2490993
2933318
3428755
2948706
3530645
3474087
3070387
3390404
4296519
4296519
5084583
5286954
5398029
5445101
5996335
6210742
5644586
5801905
6154420
6037704
6180852
5821949
5996335
6017951
5761253
6180852
5662237
6139636
5398029
5904549
6210833
