6315557
6540530
6247187
6247187
6751756
6751766
6378780
6257136
6559362
6576687
6567317
6567317
6730693
6460137
6460137
6654587
6323445
6744780
6745299
6331755
6331760
6497135
6497135
6634993
6498449
6571801
6670624
6460158
6460158
6734621
6323429
6638620
6730694
6315868
6752720
6567310
6567310
6460781
6677037
6341238
6498277
6572184
6725178
6395062
6309206
6595799
6617685
6309203
6663360
6574813
6574813
6574824
6574824
6597657
6315886
6323469
6584653
6613947
6551502
6551502
6323298
6752840
6574800
6574800
6434492
6751820
6641177
6638628
6544056
6574799
6574799
6574818
6574818
6635007
6545873
6545873
6315895
6574798
6574798
6574819
6574819
6428377
6498283
6352879
6497172
2390055
1888850
2210599
2112878
2097844
2162357
2210614
2218186
2210613
2210610
2027271
2222963
2150825
2348477
2348477
2210616
1985458
2210612
2210600
2140645
2338306
2030915
1976502
2025987
1976511
2210597
2162376
2121010
2369793
2210596
2341597
2119775
2551207
2617537
2517651
2873438
2459139
2718829
2578247
2786161
2564353
2702764
2578281
2648318
2622560
2888498
2888498
2645572
2822645
2766557
2844637
2708456
2834717
2883100
3030985
3487103
3165371
3165371
3487123
3405834
3405834
3031007
3023802
3340784
3134127
3134127
3134127
3134124
3134124
3134124
3030984
3487125
3011109
3390404
3095897
3428755
3170177
3269181
3199749
2933318
2933317
2903656
2930345
3070387
3530889
3519392
2933302
3474087
3031001
2960519
3738245
3738245
3642248
3642248
3896044
3946570
3946570
3827677
3827707
3895999
3883642
3827676
3827676
3611913
3693307
3693307
3946569
4037715
3874163
3946563
3642249
3827678
3827678
4250989
3693305
3693305
3611928
4300460
5186386
5186386
5108565
5108565
5067426
4791712
5048951
5048951
5286885
5286885
5270622
5088633
5088633
5088633
5331748
4680690
4742777
5285719
5285719
5285719
5285719
5054360
4385729
4385750
5108543
5108543
5108543
5108543
5108543
4859987
4385762
5078001
4385745
4648716
4648716
5105218
5285827
5061707
4702227
4702227
4616833
4616833
4922479
4702228
4702228
5155756
5155756
5286834
5286834
4385769
4957654
4957654
4957654
4702205
4600131
4600131
5098529
5098529
4922455
5049277
5230911
5230911
4553419
5222818
5222818
4902572
4902572
4902572
5138318
5138318
5286954
5286954
5098467
5098467
4974939
4974939
4399502
4672656
4672656
4732544
4720409
4688919
4730396
5092043
4739847
4541872
6177062
6177062
6145512
5691027
6177002
6177002
5488699
5597717
5597737
6037732
5922918
5922918
5708570
5596175
5596175
5596175
6011867
6011867
5670826
6146400
6146400
5880065
5936530
6176674
6176674
6142978
6142978
6142978
6153182
5940718
5940718
6199283
6153188
5659740
5659740
5894468
5894468
5894468
5935521
5904549
5904549
5991152
5991152
5991152
5991152
6191866
6191866
6191882
5719833
5719833
6145514
5531532
5531532
5531532
5531532
6177211
6177211
5551762
5708519
5708519
5788476
5620649
5620649
6176804
6176804
6064624
6135580
6148888
6148888
5820703
5820703
5820703
6148913
6148913
6176705
6176730
6176730
6176886
6176886
6146425
6146425
6176855
6176855
6176798
6176798
6153200
6011951
6011951
5864951
5864951
5864951
5864951
6037704
5343961
5488680
5488680
5488680
5844861
5607727
6158856
6158856
5672723
5994929
6153064
6153064
6153076
5793065
6143087
6143087
6143087
6177272
6177272
5924670
5697584
5697584
6176870
6176870
6011928
6011928
5665954
6139164
6139164
6196606
6196606
6144474
6144474
6176830
6176830
5803927
6153092
6167285
6167285
6167285
6157808
6157808
5612275
6143032
6143032
6143032
6011805
6011805
5697586
5697586
6011770
6011770
6153118
6167248
6167248
6167248
6011872
6011872
6011849
6011849
5834667
5695364
5440576
5759530
5759530
5759530
6176648
6176648
5901883
6106949
6141438
6141438
5962723
5962723
5846890
5896122
6051104
6011835
6011835
6176965
6176965
6153187
5350320
5912356
5697379
5697379
5725674
5725674
5821949
