6315557
6315557
6233845
6233845
6540530
6247187
6247187
6247187
6247187
6751756
6751756
6751766
6751766
6378780
6378780
6257136
6257136
6559362
6559362
6576687
6567317
6567317
6730693
6537228
6460137
6460137
6654587
6654587
6323445
6323445
6744780
6744780
6745299
6331755
6331755
6331760
6331760
6497135
6497135
6634993
6634993
6634993
6498449
6571801
6571801
6670624
6460158
6460158
6734621
6293034
6293034
6323429
6323429
6638620
6638620
6730694
6315868
6315868
6752720
6752720
6567310
6567310
6460781
6460781
6460781
6460781
6744036
6677037
6677037
6341238
6341238
6498277
6498277
6247063
6247063
6247160
6247160
6247160
6572184
6725178
6395062
6309206
6309206
6593618
6595799
6595799
6617685
6617685
6309203
6309203
6663360
6663360
6574813
6574813
6574824
6574824
6597657
6315886
6315886
6428384
6323469
6323469
6584653
6613947
6613947
6613947
6247152
6247152
6247152
6551502
6551502
6323298
6323298
6752840
6752840
6726154
6574800
6574800
6434492
6434492
6751820
6751820
6641177
6638628
6638628
6544056
6544056
6684606
6600887
6574799
6574799
6574818
6574818
6677493
6635007
6635007
6545873
6545873
6568622
6315895
6315895
6313850
6574798
6574798
6574819
6574819
6428377
6431797
6498283
6498283
6352879
6352879
6431836
6497172
2390055
13407
13409
13406
14996
74861
64599
289208
265823
1060667
1888850
2097863
2097863
2210599
2210599
2392146
2328800
2328800
2112878
2334691
2097844
2097844
2162357
2162357
2210614
2210614
2279659
1976501
2297493
2297493
2097846
2097846
2218186
2230846
2348478
2149068
2097862
2097862
2231123
2231123
2328812
2328812
2210613
2210613
2116899
2210610
2210610
2027271
2097864
2097864
2222963
1976504
2150825
2150825
2348477
2348477
2348477
2100509
2100509
2251798
2251798
2231135
2231135
1982207
1941785
2210616
2210616
1941786
1985458
2001742
2343140
2111241
2210612
2210612
2210600
2210600
2279660
2348522
2348522
2348522
1984785
2140645
2076644
2358251
2338306
2338306
2030915
1997404
1976502
2025987
2025987
1976511
2343161
2099350
2099324
2297509
2297509
2210597
2210597
2163717
2163717
2162376
2162376
2121010
2121010
2261241
2147437
2292800
1999354
2016289
2369793
2067104
2093791
1980010
2210596
2210596
1979975
2048728
2341597
2163607
2119775
2452703
2452703
2702777
2702777
2551207
2612780
2612780
2536445
2536445
2536445
2536445
2617537
2842518
2675981
2675981
2517651
2633100
2337179
2444288
2674744
2674744
2873438
2702778
2702778
2459139
2718829
2505402
2505402
2674766
2578247
2578247
2505398
2505398
2786161
2786161
2564353
2564353
2433975
2433975
2800314
2800314
2702764
2702764
2578281
2578281
2648318
2622560
2888498
2888498
2888498
2722372
2645572
2645572
2844629
2844629
2722353
2561733
2822645
2888497
2888497
2426013
2578282
2612781
2612781
2766557
2844637
2844637
2708456
2834717
2883100
2935848
2935848
3428792
3428792
3428792
3139659
3030985
3030985
3487103
3487103
3165371
3165371
3165371
3165371
3016526
3108566
3108566
3487123
3487123
3402995
3402995
3418292
3405834
3405834
3405834
3405834
3031007
3031007
3428790
3428790
3428790
3023802
3031016
3181456
3181456
3133486
3133486
3340784
3289293
3289293
3289293
3378227
3514500
3514500
3181455
3181455
2933301
2933301
3134127
3134127
3134127
3134127
3134124
3134124
3134124
3030982
3030982
3031014
3030984
3030984
3030978
3030978
3030978
3487125
3487125
3011109
3011109
3161531
3390404
3208898
3095897
3523594
3523594
3428755
3170177
3269181
3032437
3032437
3096959
3199749
3199749
2933318
2933318
2933317
2933317
3199735
3199735
2987556
2987556
3523590
3523590
3523596
3523596
3520860
3520860
3523577
3001322
3516781
3516781
3402996
3402996
3165347
3165347
3349460
3165348
3165348
3142943
3142943
2979718
2979718
2903656
2930345
2930345
3030996
3070387
3530889
3530889
3530889
3519392
3519392
2933302
2933302
3031020
3031018
3474087
3031001
3031001
3378228
2960519
3896045
3896045
3738245
3738245
4337877
3688160
3688160
3642248
3642248
3642248
4370907
4370907
4226462
3896044
3896044
3946570
3946570
3946570
3827677
3827677
4027347
4027347
3827707
3827707
3827707
4020375
3895999
3883642
3883642
3676747
3993362
3827676
3827676
3827676
4012140
3611913
3611913
3693307
3693307
3946569
3946569
3887949
3887949
4037715
3883653
3679657
3679657
4081199
4081199
3761522
3761522
3962610
3913154
3913154
3876028
3883660
3883660
3874163
3946563
3946563
3642249
3642249
3636464
3636464
3636464
3636464
3827678
3827678
3827678
3671970
3671970
3913157
3913157
3671971
3671971
4337876
4250989
3693305
3693305
4012158
3611928
3611928
3586984
3586984
3642247
3642247
4300460
4838095
5186386
5186386
5108565
5108565
4925516
4925516
4377497
4838209
4902571
4899729
4899729
4826814
5067426
5067426
4838097
4838097
4385771
4791712
4791712
4791712
4791712
5048951
5048951
4385755
4385755
4385755
4491432
5286885
5286885
4838114
4838123
4838123
5270622
5270622
5270622
5270622
5088633
5088633
5088633
4407133
4826812
5331748
5331748
5331748
4553413
4680690
4680690
4746574
4742777
4742777
4945000
5285719
5285719
5285719
5285719
5054360
5054360
4385729
4385750
4791713
4791713
4791713
4385811
4627437
4627437
5108543
5108543
5108543
5108543
5108543
4859987
4874726
4874726
4874726
4385762
4385762
5078001
4385745
4866163
4648716
4648716
5105218
4899709
4922480
5285827
5061707
5061707
4702227
4702227
4616833
4616833
4616833
4922479
4385726
4946937
4702206
4702206
4849890
4645849
4645849
4432002
4702228
4702228
5155756
5155756
4859975
4859975
4946895
5286834
5286834
4385769
4899730
4899730
4957654
4957654
4957654
4866162
4702205
4600131
4600131
5098529
5098529
4946896
4944998
4385749
4385749
4946935
4901347
4901347
4922455
4922455
5049277
4433965
5230911
5230911
4553419
4553419
5222818
5222818
4902572
4902572
4902572
5138318
5138318
5286954
5286954
5286954
4902587
4623194
4623194
5098467
5098467
4974939
4974939
4974939
4623212
4623212
4739846
4665224
4665224
4399502
4946936
4672656
4672656
4732544
4720409
4688919
4730396
4730396
5092043
5092043
4739847
4541872
5306250
4433874
6177062
6177062
5445101
6145451
6145451
6145512
6145512
6145512
5691027
5691027
5795570
5795570
5644586
5644586
5644586
5644586
6177002
6177002
5415036
5488699
5597717
5597717
5597717
5597737
5597737
5597737
6037732
6037732
5922918
5922918
5922918
5896408
5896408
5896408
5896408
6106201
6106201
6106201
5708570
6030544
5596175
5596175
5596175
6011867
6011867
6017951
6017951
5670826
5670826
5670826
6146400
6146400
6146400
5880065
5880065
5936530
5936530
6176674
6176674
6142978
6142978
6142978
6153182
6153182
5940718
5940718
5940718
5940718
5644581
5644581
6199283
6199283
6199283
6023404
6023404
6023404
5415044
6153188
6153188
5659740
5659740
5894468
5894468
5894468
5935521
5935521
5935521
5904549
5904549
5904549
5904549
5884313
5884313
5991152
5991152
5991152
5991152
5595588
6191866
6191866
6191866
6191866
6191866
6191882
6191882
5896385
5896385
5896385
5896385
5896385
5795619
5795619
5719833
5719833
6145514
6145514
6145514
5531532
5531532
5531532
5531532
5690994
5690994
5690994
5956972
5956972
6180550
6180550
6177211
6177211
5551762
5708519
5708519
5788476
5620649
5620649
6176804
6176804
6064624
6064624
6064624
6135580
6135580
6148888
6148888
5820703
5820703
5820703
6148913
6148913
5761253
6176705
6176705
6176730
6176730
6176886
6176886
6146425
6146425
6176855
6176855
6176798
6176798
6153200
6153200
6011951
6011951
5864951
5864951
5864951
5864951
6037704
6037704
6153112
6153112
5343961
5343961
5343961
5343961
5343961
5343961
5343961
5488680
5488680
5488680
5488680
5844861
5844861
5844861
5607727
5607727
6158856
6158856
5672723
5672723
5994929
6153064
6153064
6153076
6153076
5692743
5692743
5793065
6143087
6143087
6143087
6177272
6177272
6139636
5924670
5697584
5697584
6176870
6176870
6011928
6011928
5665954
6139164
6139164
6196606
6196606
6144474
6144474
5620587
5620587
5620587
6176830
6176830
5803927
5803927
6153092
6153092
6167285
6167285
6167285
6157808
6157808
5612275
6143032
6143032
6143032
6011805
6011805
5548180
5697586
5697586
6011770
6011770
6153118
6153118
6167248
6167248
6167248
6011872
6011872
6011849
6011849
5834667
5695364
5695364
5440576
5692966
5692966
5759530
5759530
5759530
6176648
6176648
5901883
5901883
5415251
5628440
6106949
6141438
6141438
5962723
5962723
5846890
5896122
5896122
6051104
6011835
6011835
6176965
6176965
5808310
6153187
6153187
5350320
5912356
5912356
5697379
5697379
5725674
5725674
5821949
