6233845
6247187
6257136
6247063
6247160
6247152
154020
143558
210727
1060667
2003941
2338306
2163717
2162376
2210596
2722372
3030982
3030978
3030978
3516781
3896045
3883642
3642249
3642247
4838209
5067426
4742777
4385762
5286954
4974939
4665224
4730396
6177062
6145451
6145512
6145512
5644586
6177002
5896408
6106201
5670826
6176674
6142978
6153182
5644581
6199283
6023404
5904549
5884313
5595588
5896385
6145514
6145514
5690994
5956972
6180550
6177211
6176804
6148888
6176705
6176730
6176886
6176855
6176798
6153200
5488680
5607727
6158856
6158856
5672723
6143087
6177272
6139636
6176870
6139164
6144474
5620587
5620587
5620587
6176830
6167285
6157808
6157808
6143032
6167248
5695364
6176648
6176965
