6607428
6567317
6537228
6575670
6575670
6575680
6575680
6575685
6575685
6567310
6575681
6575681
6450068
6450068
6449986
6449986
6529634
6410180
6575668
6575668
6724559
6575682
6575682
6507138
6584830
6275592
6734607
6307391
6249059
17210
486
20211
23039
32135
157913
157606
157862
158232
158241
157948
157950
157651
158239
289186
314784
565603
565998
713168
2076644
2922267
3225958
3722195
3599453
4207226
5273200
5996214
5996172
5578278
6033593
6046699
5842969
6016466
5543857
5440576
5945827
5924450
5962723
6131503
6060278
5662236
5633709
5778186
5996235
5999435
