6540530
6247187
6732140
6275663
6663009
6607428
6285933
6285971
6286041
6286944
6559362
6736742
6567317
6286404
6286262
6537228
6452171
6275548
6654587
6311657
6491607
6497135
6669665
6371540
6345322
6571801
6571974
6571974
6286696
6728955
6285946
6723013
6575670
6575670
6575680
6575680
6575685
6575685
6754036
6352624
6742350
6685088
6567310
6495685
6264680
6247063
6247160
6247160
6533467
6733194
6286665
6217960
6294255
6585642
6237879
6736724
6494780
6275764
6575681
6575681
6748653
6748662
6613947
6723023
6529634
6271188
6247152
6410180
6726017
6286467
6286856
6434492
6286170
6286101
6742354
6739387
6739387
6271003
6641177
6575668
6575668
6568714
6544056
6292905
6724559
6264633
6264633
6575682
6575682
6714016
6733380
6285894
6495684
6275850
6545873
6571985
6571985
6285911
6491610
6271147
6507138
6378474
6748718
6238010
6749495
6451969
6584830
6275592
6275592
6734607
6307391
6275198
6249059
255
512
2262
2342
2898
2918
3540
4889
5206
6687
6859
6864
6902
6951
6952
7070
10475
10679
11158
11403
11427
11658
11825
12025
12141
12733
7579
13154
13186
7834
13692
13943
14447
14449
14452
14453
14554
14446
14566
14598
14599
14597
15090
16065
16635
8790
16980
8919
8927
17210
17408
17300
17764
17989
9299
18440
18949
19792
20160
20926
20676
21528
23029
22491
22524
23927
25093
25101
25105
25110
25120
25256
25129
25263
25445
25597
25720
25942
25990
26471
27110
27117
28065
28272
28288
28926
28646
361
538
867
932
1056
1170
2380
2381
2511
2938
4785
5124
6426
6826
6958
10476
7176
10974
12738
13021
7825
13391
13874
13917
14028
14448
14451
15045
15296
15808
16083
16225
8925
8917
17311
17404
17426
17836
18504
18556
18801
18800
19382
19740
19741
19742
9973
21189
21511
25104
25122
25149
25156
25273
25385
25558
25713
26032
26056
26162
26588
26629
26689
26780
27562
27536
27991
28000
430
360
604
698
928
1074
805
1426
1835
1886
2244
2379
2688
2897
5129
6658
6673
6577
10816
11226
11332
12193
12371
12780
7806
7800
14065
14444
14450
14524
14459
8288
15434
16400
17362
17407
17427
17406
18510
9660
19747
19744
20211
21935
22256
22494
22569
22526
23231
23635
24029
24244
24769
25111
25384
25386
25447
25457
25545
25588
25715
25950
25957
26054
26577
26783
26700
27116
27116
27648
27561
28047
28271
929
1111
837
1320
2246
2263
2391
4878
5226
6318
6686
6678
10267
6953
10805
10779
12370
12579
13097
13101
7819
7822
14442
14547
14445
8145
15044
15078
15800
8351
16061
16191
16428
8756
16877
17298
17310
17338
17350
17365
17651
17857
18505
18512
18587
19736
19743
19745
21370
21851
23399
23397
23220
23224
23990
24339
25272
25383
26305
26408
26578
27269
27279
28050
28551
28622
28645
678
870
1279
1826
3564
4426
5128
6605
6684
10223
7090
7100
10640
10632
11751
12050
12110
12115
12364
13126
13147
13109
14443
14454
14456
14458
14601
16069
16079
16114
16190
16507
17129
18500
18503
18508
18513
18806
18856
19188
19711
19734
9960
20561
20596
21529
23032
22492
22495
22667
23218
23637
24868
25270
25389
25717
25894
25931
26160
26171
26594
26781
27800
28048
28627
28625
1324
3565
6520
6865
11752
11955
7354
12135
12335
12365
12735
7448
13073
7828
13551
7948
13988
14457
14553
8191
14897
15023
15042
15499
16064
16066
16142
8687
8761
16977
8912
17299
17430
8997
17604
17610
17611
17899
18514
18909
19187
19337
19793
20167
20644
21718
23033
22528
22727
22943
24813
25254
25258
25259
25377
25718
25859
26278
26768
26589
27992
28049
427
560
2270
2266
2904
6604
10634
11022
11080
11347
11611
7355
12179
12289
12688
12946
7836
14460
15876
16239
8757
16981
8906
8910
8977
17630
17657
17941
18501
18509
19183
19531
19706
19708
19739
19748
9933
9966
9964
20210
20387
20460
20462
21155
21373
21393
21772
21759
22130
22251
23023
22728
23398
25108
25157
25260
25378
25719
25939
26022
26034
26675
26718
26719
26777
26920
27270
27913
27946
28156
28574
28624
28487
665
4620
5127
10225
10228
7145
7157
7172
10802
11079
11336
12029
13254
7813
13888
14455
15041
15454
15805
15810
16978
8923
8913
17301
17347
17353
17364
17403
17409
17429
17312
17643
17661
17669
17690
17838
18430
18706
9810
19746
20159
20876
20680
22116
22185
23028
22493
22944
23869
24988
25127
25257
25261
25604
26007
26358
26630
28097
30325
30819
30813
30878
31192
31193
33370
33745
33999
35434
35447
37318
38357
38359
39504
40454
41966
42562
42604
44937
46543
48024
49239
49362
51130
51137
51149
51145
51152
53973
56832
56961
56943
58271
58274
29911
30353
30364
31877
32048
33779
33685
34030
34846
38363
38842
39520
43756
49255
50942
51011
51159
51105
51133
52373
52375
52356
54168
55619
56779
29389
29697
29756
29845
29757
30568
31386
33252
33380
33778
33910
34010
34844
35115
40466
42216
42534
42595
43683
43683
51032
51039
51180
51165
51210
52402
56254
56946
56937
29678
29692
29694
29698
29755
29953
30355
30817
30810
32627
33369
33744
33991
38845
40785
42619
51191
51182
54189
56272
56877
57956
58275
58360
29276
29395
30329
31721
31928
31987
33489
33857
33855
33920
34569
34815
36492
38345
40348
42583
43947
46564
51120
51129
51138
51172
56828
56839
56963
56953
56978
58028
58028
29233
29758
31744
32962
32952
33496
33938
33842
34113
35129
43780
44319
48557
51141
52365
53376
53695
55656
56868
56951
58277
29165
29201
29364
30354
32494
33927
33956
34031
40768
42587
42609
43425
48101
51050
51126
51139
51215
29710
29696
30547
31252
31873
33852
35429
35433
40343
42574
46583
47905
49351
51177
54361
55720
56612
56851
56952
57833
59457
61036
62657
62767
62810
65891
66580
66765
66783
67517
67534
67572
72320
72332
72343
72444
72784
76094
76179
76443
76462
80428
82672
82695
83332
83698
85024
86376
87864
89569
89618
91732
93709
94534
94515
98423
98480
99404
102365
102374
102385
102431
107728
107733
107743
107844
107854
107863
107866
107942
110410
110527
110551
110609
110916
110960
111619
111662
111589
115544
115597
115611
115579
117473
117522
117498
118244
118662
118681
118691
118692
118710
118732
118777
118781
118791
119131
119180
119264
119243
119419
120079
120803
121937
121942
121951
121986
122004
122007
124188
125809
125865
125913
125930
126730
126774
126778
126832
126912
126963
127455
129927
132985
133048
133049
133099
133056
133160
134936
134947
135877
135898
135987
136842
136845
136848
136854
136855
138428
138444
138446
138447
138474
138504
138507
138512
138519
138540
138542
138557
138559
138573
138581
138584
138603
138617
138633
138671
138586
139912
139927
139936
139937
139954
139999
140128
140199
59785
60144
65881
66786
67136
72315
72800
72776
74850
75185
76090
76125
76168
76449
76485
79463
79618
80489
83702
85060
86372
89735
91771
93717
93742
93764
94450
94507
96836
98417
98486
101550
102360
102507
104826
104829
104944
107700
107856
107932
110523
110538
110568
110572
111640
111780
114221
114984
115550
115553
115556
115561
115564
115573
115580
115596
117530
118236
118267
118675
118702
118738
118771
118788
118813
119197
119218
120796
120811
120828
120846
120861
120897
120862
121936
121938
121939
121953
121970
121973
121983
121995
122001
122340
123547
123689
125883
125898
125908
126861
126887
126930
126959
126882
126953
127040
129110
129856
129861
129848
129909
129913
129966
129984
130764
132579
132971
132986
132997
132998
133050
133074
133108
133155
133019
133285
134921
134924
134933
135851
135862
135865
135887
135893
135903
135906
135907
135984
136513
136519
136526
136536
136846
138325
138456
138460
138467
138468
138469
138470
138485
138491
138501
138509
138515
138517
138532
138534
138539
138565
138477
138487
138513
138553
138555
138556
138577
138578
138594
138611
138700
138629
138643
139900
139910
139916
139950
139958
139975
140025
140184
140190
140196
140202
140134
140208
60965
61021
62800
63949
65248
72325
72334
75898
76253
77496
79558
79669
80625
80638
80690
82570
86373
89673
91255
91313
91838
91741
93705
93727
93787
93790
93805
94468
94490
94578
94629
94520
99411
99435
102380
102416
102450
104806
104816
104838
104852
107721
107731
107817
107839
107861
107851
107962
107916
110122
110341
110536
110587
111062
111604
115559
115589
117557
118190
118666
118688
118683
118696
119203
119191
119224
119430
119469
120869
120875
121979
121990
122006
123331
123434
123450
123618
123588
124546
125799
125851
125866
125926
125847
126812
126860
126875
126985
127708
129879
129920
129921
129959
130014
129916
130057
132958
132981
133001
133005
133000
133014
133028
133034
133069
133007
133148
133177
134291
134928
134940
135885
135896
135897
135901
135874
136518
136531
136828
136836
136840
138427
138429
138432
138437
138455
138471
138481
138494
138498
138511
138520
138525
138529
138537
138543
138544
138549
138453
138554
138562
138564
138574
138585
138588
138591
138604
139898
139943
139961
139923
140052
140015
140137
59496
61285
62833
62787
66600
67430
67523
70723
73240
75889
76484
79937
80413
80433
82493
83585
89661
91262
91301
91758
91882
91943
92083
93793
94409
94495
94549
98098
98415
98469
99927
102369
102415
102436
102459
104939
104946
107698
107703
107737
107834
107784
107807
107914
107920
107936
110562
110573
110607
111271
111613
111644
111667
114706
115533
115614
115615
115631
115619
117540
118175
118239
118704
118792
118798
119177
119183
119188
119195
119235
120817
120849
120850
120855
120888
120865
121943
121966
121972
123319
123411
123445
123423
125852
125879
125901
125895
125958
125966
126767
126807
126870
126871
126896
126966
126972
126856
127007
129858
129902
129971
129976
130036
132972
133004
133023
133027
133054
133059
133063
133166
134927
135880
135902
136510
136780
136787
136801
136838
138462
138490
138493
138495
138496
138506
138538
138448
138465
138558
138561
138567
138568
138570
138589
138590
138602
138632
138685
138693
138552
138646
139892
139931
139953
139990
140003
140043
140047
140076
140126
61002
62778
64808
64899
67594
68317
70720
72300
76133
76455
76478
77257
79992
79981
85052
86744
87261
87299
87699
87705
88114
89607
89629
91298
91874
93714
93779
94601
94564
94653
96455
98522
102986
103801
106604
107137
107707
107709
107713
107840
107859
107864
107868
107757
107857
107949
107951
107921
110550
110567
110598
111635
114989
114994
115195
117502
117545
118203
118230
118724
118799
118741
118785
118805
118817
119121
119194
119210
119192
120838
120860
120873
120884
120890
121945
121948
121965
121974
121976
121957
121964
122002
122009
123597
123610
125892
126737
126742
126878
126903
126951
126965
127001
126938
127563
127691
128231
129838
129852
129851
129906
129911
129925
129950
129954
129990
129936
130763
132973
132978
132984
133008
133009
133016
133024
133042
133139
133173
134943
134968
134971
135871
135904
135908
135919
135992
135855
136516
136524
136822
136843
138339
138458
138473
138523
138528
138536
138514
138551
138595
138625
139197
139896
139902
139906
139920
139948
139951
139967
139972
139930
140002
140056
140124
139983
139986
140019
66587
67476
67527
67533
67548
70721
72349
76118
76161
76499
79144
79548
80002
80466
80615
80620
80670
81968
82713
83570
83712
86486
87722
88123
88133
88086
89559
89649
89701
89707
91294
91869
91884
92071
93733
93801
94501
94524
94586
96970
98447
98453
99417
99562
101537
102514
104790
104807
107724
107808
107849
107867
107941
110416
110543
110588
110600
110602
111910
114700
114714
114723
114969
115001
115009
115340
115547
115566
115545
115583
118215
118707
118709
118716
118753
118823
119202
119204
119207
119211
119257
119421
119424
120080
120797
120804
120853
121933
121935
121955
121961
121984
121992
121996
122003
121980
123339
123659
123666
125775
125797
125802
125803
125857
125861
125873
125945
125935
126771
126782
126790
126795
126848
126762
126855
126873
126916
126937
126958
127881
129850
129929
129963
129993
129999
129922
132959
132962
132966
132967
132991
133071
133076
134931
134956
135630
135883
135889
135895
135974
135892
135900
135978
136523
136857
138430
138435
138438
138442
138451
138454
138476
138484
138489
138499
138500
138502
138516
138521
138526
138530
138531
138478
138482
138583
138601
138688
138698
138707
138566
138597
138624
138683
139894
139918
139940
139969
139974
139978
139979
140180
62826
62805
63277
63640
64330
66759
67539
71760
72779
73211
74853
76151
76500
80450
82652
82664
82682
86800
87282
87519
87712
87718
88113
91096
91265
91307
91776
93643
93791
93798
94421
94435
94580
94619
99423
99922
102421
107762
107800
107821
107923
107927
107958
108080
110408
110559
111597
112700
114710
114717
115004
114963
115585
115702
117478
117549
118195
118219
118721
118726
118728
118778
118793
118801
119184
119198
119205
119427
120836
120864
120872
120894
120867
121931
121949
121989
123291
123309
123458
125807
125789
125844
125886
125963
126865
126891
126894
126944
127018
129841
129907
129933
130003
130039
132961
132990
133012
133013
133035
133046
133055
133062
133064
133123
133184
134944
134953
134961
135875
135878
135882
135899
135909
135917
135986
135861
135863
135873
135969
136833
136850
136858
138431
138439
138441
138464
138466
138479
138488
138505
138541
138545
138575
138579
138598
138608
138609
138704
138563
139895
139925
140029
140131
140140
140143
140169
140205
61337
62771
63511
76144
76205
76444
77232
80446
80416
80644
82422
82455
82546
85031
89555
89638
89714
89725
91649
91747
91841
91878
92098
92354
93722
93769
94481
94529
94593
94558
97493
98484
98944
99442
101523
102409
104809
104822
107723
107742
107791
107803
107825
107870
107872
107748
107830
107919
110553
110554
110558
111611
114719
115537
115541
115567
115586
115592
115603
115607
115633
115563
118697
118700
118775
119139
119187
119215
119217
119226
119250
119221
120799
120844
120857
120851
120871
120878
121209
121932
121944
121950
121994
121998
123433
123541
123605
125848
125856
125915
125956
126785
126868
126884
126909
126921
126928
126945
126969
127029
129837
129840
129845
129846
129905
129939
130008
129945
130010
130031
132955
132956
132987
132992
132995
133022
133032
133041
133045
133068
133140
133057
134949
135868
135881
135894
135913
136534
136535
136813
136830
136834
136839
136794
138433
138445
138450
138463
138483
138510
138522
138533
138547
138548
138459
138508
138527
138560
138569
138572
138576
138580
138582
138620
138622
138639
138592
138613
139907
139945
139959
139964
139994
140039
140062
140035
140174
142398
142410
142413
142414
142416
142420
142431
142462
142474
144227
144413
144418
145909
145939
146467
146785
146827
146844
146845
146690
146856
146896
146929
146884
147644
148979
148983
148964
148981
149034
149169
149780
149786
149795
149801
149805
149822
149827
149842
149844
149849
149866
149877
149893
149903
150309
150312
150319
153023
153081
153062
153079
153103
153147
153155
153188
153193
153198
153210
153214
153216
153170
153291
153350
153374
154348
154375
154382
154404
154430
154432
154439
154441
154448
154343
154417
154462
154471
154473
154478
154490
154505
154515
154549
154566
154570
154574
154595
154502
154532
154575
154608
154620
155952
155927
155946
155960
155975
157909
157936
158018
158039
158052
158227
158627
158664
158824
158673
158678
160815
160847
160849
160945
160963
161400
161890
162146
162132
162143
162153
162154
162158
162173
162181
162184
162190
162210
162217
162219
162225
162226
162239
162280
162205
162301
162311
162283
162739
162749
162839
163583
163722
163737
163767
163916
164006
163950
164327
166249
166256
166264
166276
166449
166581
166630
166672
167876
167946
167961
168464
170043
170154
174141
174150
174155
174140
174201
174204
174208
174212
174229
174240
174303
174308
174316
174324
174243
174335
174344
174347
174349
174386
174389
174397
174333
174341
174356
174506
174734
174737
174783
174789
174861
174909
174847
174928
174946
174957
174962
174963
174965
174970
174991
175016
175035
175044
175065
175075
175114
175145
175281
177687
177693
177694
177726
177744
177779
177791
177821
179309
179324
179328
179352
179378
179583
179587
179597
179599
179668
179683
179695
179707
179710
179711
179713
179718
179730
182372
182520
182522
182528
182534
182536
182537
182746
182797
182800
182801
182841
182769
185758
187685
187893
189180
190385
190391
192173
192736
193295
194365
196965
198445
198465
199029
200479
201177
203388
141745
141782
141789
142424
142429
142452
142459
142466
142458
144403
144408
145921
146061
146050
146837
146870
146892
146907
147564
147628
147641
148969
148975
148968
149064
149175
149052
149735
149740
149761
149770
149785
149829
149851
149856
149864
149896
150017
150263
150299
150301
150331
153010
153047
153049
153068
153069
153075
153106
153117
153121
153122
153148
153160
153200
153270
153295
153306
153307
153320
153360
153364
153349
154020
154378
154388
154395
154408
154416
154421
154450
154466
154469
154497
154504
154511
154540
154541
154560
154562
154498
154516
154604
155967
155943
155964
155987
156420
157606
157862
157903
158019
158022
158057
158203
158218
158237
158255
158654
158655
160587
160820
160836
160843
160898
160939
162137
162140
162145
162147
162148
162166
162167
162169
162174
162242
162255
162276
162200
162241
162286
162649
162730
162755
162834
162850
163062
163064
163077
163251
163742
163760
163770
164021
164028
166228
167839
167844
167926
168281
170012
170038
170095
170229
170838
170839
171330
171910
173900
174158
174185
174154
174171
174178
174179
174182
174221
174228
174241
174242
174253
174255
174265
174267
174275
174298
174315
174345
174357
174400
174459
174374
174525
174724
174730
174781
174790
174820
174891
174906
174907
174919
174837
174927
174936
174938
174941
175036
175067
175009
175137
176115
176648
176683
177430
177661
177667
177683
177737
177761
177763
177786
177803
177811
177876
179284
179296
179299
179304
179337
179348
179372
179382
179397
179588
179650
179660
179662
179669
179675
179697
179731
179725
179835
180378
182049
182202
182363
182542
182687
182751
182738
182745
182754
182757
182764
182832
182835
182848
189823
189826
189830
190401
192179
192186
196058
198439
198462
201161
203399
141784
141786
141802
141806
141763
142421
142423
142428
142438
144397
144422
145912
145915
146031
146849
146876
147572
147627
147667
147616
147621
148971
148977
148984
149751
149754
149769
149811
149820
149826
149833
149848
149855
149859
149860
149861
149911
150016
150293
150298
150313
150283
153027
153056
153064
153073
153024
153066
153092
153099
153105
153109
153113
153140
153158
153178
153206
153238
153221
153273
153275
153279
153282
153292
153310
153334
154356
154387
154393
154440
154444
154446
154451
154459
154460
154474
154486
154493
154517
154556
154561
154581
154587
154591
154598
154544
154548
154564
155940
155971
155977
156000
157839
157930
157943
157972
158040
157940
158025
158232
158134
158241
158650
159678
160812
160821
160830
160844
160856
160867
160877
160883
160956
162122
162125
162176
162185
162197
162211
162216
162243
162251
162155
162191
162267
162299
162308
162312
162640
162658
162634
162833
162845
163178
163324
163730
163732
163996
164279
164298
166270
166567
166638
166691
167896
169005
170033
170041
171285
171835
174139
174168
174156
174215
174217
174237
174247
174284
174299
174304
174306
174311
174187
174317
174322
174334
174352
174355
174368
174379
174411
174472
174516
174731
174776
174833
174883
174896
174898
174903
174912
174943
174979
174997
174999
175012
175021
175023
175028
175039
175062
175078
175142
176652
176659
176695
176721
177739
177748
177764
177769
177814
177816
177819
177824
177826
179271
179305
179317
179326
179332
179360
179364
179366
179394
179396
179576
179578
179580
179584
179598
179623
179628
179647
179652
179653
179671
179677
179701
179704
179705
179720
180173
181480
182356
182395
182514
182549
182743
182744
182772
182778
182802
182840
182849
182792
185764
187811
190389
190397
190410
190420
192043
192055
192804
194376
197628
198247
198447
201203
203661
141771
141776
142399
142400
142402
142417
142419
142426
142439
142435
142465
144385
144789
144797
145919
146042
146769
146773
146797
146805
146842
146800
146802
146859
146881
146889
146868
147643
147658
147660
147672
147670
148957
148963
149017
149023
149028
149031
149162
149755
149779
149791
149792
149798
149789
149850
149858
149869
149913
149919
149923
149930
149998
150007
150274
150292
150294
150296
150282
150286
150318
153025
153026
153013
153150
153179
153201
153259
153286
153301
153314
153329
153278
153500
154352
154371
154422
154467
154514
154523
154527
154533
154567
155916
155992
156005
157842
157948
158017
158020
158021
158031
157952
158028
158163
158632
159518
160811
160818
160833
160835
160840
160854
160863
160873
160911
161380
162114
162118
162127
162130
162150
162195
162248
162249
162220
162285
162289
162294
162306
162737
162853
162836
163057
163070
163090
163046
163278
163301
163288
163628
163731
163735
163762
163774
163904
163924
164311
164414
166230
166262
166253
166578
169638
170024
171293
171322
173916
174142
174143
174167
174173
174177
174186
174189
174190
174192
174196
174205
174206
174211
174219
174224
174226
174239
174250
174254
174301
174326
174181
174425
174504
174725
174732
174832
174901
174923
174929
174930
174952
174960
174983
175017
175020
175033
175047
175053
174931
175070
175102
175134
175245
176644
176665
176687
177654
177655
177656
177684
177730
177743
177773
177774
177784
177925
177989
179307
179314
179318
179367
179380
179402
179405
179581
179582
179615
179600
179655
179706
179723
180102
181336
182056
182378
182543
182548
182737
182795
182808
182843
182844
182847
183903
185736
185750
189819
189836
191217
193240
193291
193299
194905
196960
198469
199146
199999
200477
141359
141753
141768
141774
141781
142403
142411
142433
142450
142456
142477
144379
144380
144414
144415
144392
144401
145911
145916
145930
145933
145935
146791
146822
146841
146894
146911
147558
147560
147617
147630
148124
148950
148966
148967
148976
149020
148952
149749
149759
149762
149771
149772
149800
149816
149814
150013
150279
150281
150288
150326
153018
153050
153133
153168
153131
153323
153326
153344
153354
153381
153619
154337
154361
154403
154411
154423
154425
154434
154447
154412
154506
154531
154534
154543
154552
154555
154563
154569
154572
155858
155928
155932
155936
155949
155957
155962
155968
155969
155944
156359
157655
157870
157950
158015
158045
158171
158247
158660
159706
160623
160826
160872
160841
161888
162139
162149
162162
162164
162192
162196
162207
162172
162202
162261
162288
162371
162638
162643
162712
162732
162743
162751
163040
163083
163086
163097
163261
163313
163594
163727
163729
163740
163766
163901
163953
164004
164010
164015
164319
166073
166220
166222
166240
166242
166268
166284
166345
166527
166615
166661
167899
168653
170028
170159
170845
173130
173898
174078
174081
174146
174148
174153
174159
174160
174161
174163
174164
174157
174175
174194
174197
174200
174203
174225
174259
174323
174184
174220
174343
174351
174361
174373
174407
174416
174445
174500
174528
174728
174771
174750
174795
174811
174857
174889
174892
174895
174910
174845
174935
174972
175002
175005
175008
175010
175055
175069
175083
175139
175140
176639
176661
176690
176713
177616
177652
177666
177721
177723
177818
179281
179312
179343
179383
179384
179573
179595
179646
179666
179654
179665
179673
179680
179690
179700
179716
179722
180169
182053
182385
182400
182530
182544
182545
182690
182834
182839
182760
184429
187897
188066
188213
188956
190381
192127
192806
196933
198436
198450
198459
200378
201162
203644
141794
141812
142405
142408
142412
142425
142430
142434
142436
142460
142454
142482
142470
144409
144390
145922
145936
146035
146063
146028
146732
146783
146832
147639
147661
147688
147678
148955
148962
148973
148980
148951
149058
149063
149729
149756
149765
149768
149788
149793
149796
149810
149841
149815
150268
150291
150307
150311
150322
150324
150302
152998
153029
153032
153043
153044
153059
153077
153084
153028
153040
153091
153132
153144
153163
153226
153227
153093
153125
153253
153255
153316
154399
154413
154414
154420
154435
154436
154405
154445
154454
154455
154456
154464
154465
154475
154480
154481
154520
154525
154528
154530
154537
154545
154576
154586
154472
154553
154617
154626
154613
155918
155919
155930
155933
155937
155954
156013
157614
158012
158185
158191
158209
158250
158638
158644
158670
158675
160617
160893
160951
160966
161027
161392
162134
162135
162157
162159
162165
162170
162201
162206
162212
162221
162235
162238
162268
162274
162224
162317
162662
162707
162702
162734
162865
163084
163092
163095
163071
163502
163623
163633
163721
163724
163908
164000
164226
164228
164288
164304
166537
166600
166607
167561
167868
167905
167911
171342
174021
174169
174170
174174
174193
174202
174218
174222
174227
174231
174256
174262
174264
174289
174309
174325
174195
174257
174283
174380
174406
174420
174527
174529
174805
174816
174827
174840
174921
174926
174933
174934
174959
174975
175003
175049
175076
174988
175040
175092
175110
175135
175132
176656
176672
177732
177734
177767
177775
177783
177883
179293
179303
179316
179335
179341
179345
179358
179369
179275
179283
179395
179406
179593
179604
179616
179617
179625
179648
179651
179656
179685
179659
179674
180179
182519
182526
182516
182691
182758
182759
182763
182768
182776
182798
182809
182836
182842
185599
185742
185744
185753
187062
187068
187791
190413
190942
192141
192158
192191
192809
192821
196931
198284
198452
199997
141778
141799
142409
142418
142422
142437
142441
142447
142455
144388
144405
144384
145920
145927
145934
146058
146495
146740
146839
146848
146855
146899
147623
147624
147634
147635
147646
147651
147653
147656
148727
148959
149174
149787
149752
149817
149824
149846
149852
149873
149891
149865
149884
149907
150006
150020
150264
150270
150277
150295
150305
150306
150308
150328
151430
152999
153001
153005
153006
153014
153021
153033
153034
153039
153052
153057
153074
153088
153020
153096
153100
153115
153119
153130
153218
153248
153257
153262
153271
153296
153302
153335
154383
154385
154406
154407
154419
154426
154437
154453
154458
154512
154524
154539
154547
154485
155923
155942
155958
155996
156010
157664
157865
158024
158036
158061
158049
158226
158668
158819
160838
160861
160824
161404
162110
162161
162180
162183
162188
162215
162234
162237
162246
162257
162270
162151
162177
162654
162843
163087
163772
163913
163920
164025
163994
165549
166212
166234
166246
166570
170031
170076
170148
170164
170171
170842
172898
174135
174149
174162
174138
174145
174172
174188
174214
174263
174274
174278
174296
174319
174358
174392
174403
174495
174521
174487
174834
174852
174855
174869
174940
174948
174956
174964
174968
175026
175064
174945
175087
175130
175147
175116
175246
177641
177674
177690
177695
177735
177736
177741
177758
177679
177760
177772
177804
177807
179269
179330
179340
179356
179278
179407
179585
179591
179603
179614
179620
179663
179698
179729
179664
179832
180171
182205
182357
182387
182390
182521
182531
182540
182725
182726
182727
182728
182730
182731
182735
182736
182739
182748
182752
182789
182804
182806
182830
182845
182791
185748
185756
187682
187690
188061
189873
190425
191239
192007
192058
192419
193302
193309
195747
198347
198440
198446
199145
199032
200567
201202
203650
141759
141761
141791
141749
142397
142404
142443
142444
142457
142463
143558
144393
144396
144400
144410
144411
145931
145928
146045
146047
146475
146764
146789
146780
146793
146866
146879
146851
146873
147633
147648
147649
147666
147632
148115
148992
148949
148987
149056
149763
149764
149778
149783
149774
149781
149797
149819
149883
149900
150010
150191
150273
150285
150314
153003
153009
153011
153017
153036
153060
153080
153083
153085
153087
153094
153112
153120
153137
153138
153196
153232
153240
153244
153152
153357
154367
154392
154429
154442
154427
154483
154489
154494
154508
154519
154521
154536
154550
154557
154565
154568
154590
154507
154577
155863
155921
155939
155973
155982
156016
157651
157822
158239
158657
158666
158677
159708
160819
160808
160817
160827
160828
160905
162141
162179
162208
162229
162230
162245
162262
162271
162187
162290
162297
162304
162316
162746
162842
162862
162741
163037
163050
163606
163612
163617
163669
163765
164269
164331
164337
166544
170011
170083
170102
170134
170035
170847
171354
171831
173902
173913
174137
174151
174176
174180
174198
174207
174213
174238
174251
174258
174312
174313
174320
174234
174246
174328
174338
174415
174467
174348
174535
174736
174843
174871
174878
174897
174913
174916
174874
174951
174994
174996
175031
175056
175071
175077
175072
175095
175121
175122
175125
175138
175141
176633
176668
176718
177647
177676
177727
177766
177780
177787
177847
177809
177815
179273
179310
179325
179355
179374
179376
179386
179387
179391
179399
179592
179657
179658
179676
179678
179682
179686
179687
179689
179694
179724
179696
180371
182204
182360
182368
182724
182740
182742
182749
182765
183820
183908
183913
187895
190417
191202
191250
192048
192134
192151
192164
193306
196485
196921
205297
210624
211824
212486
213006
215540
217266
217322
218756
221230
248415
250427
250914
254308
255116
204351
204609
212323
212482
214221
215720
222874
224322
225841
226461
226781
228781
230120
246123
252950
253639
204347
204348
204536
204804
207294
212307
212505
214095
215973
216383
221229
223033
224756
228487
228778
228783
244982
245570
248695
209056
211895
212499
220210
221047
221473
230956
241442
245601
246216
249833
250486
205407
205416
205424
210357
210626
216830
228216
230051
242609
245563
245574
255079
255083
255115
210727
211897
221192
221232
225744
228810
230328
231105
232881
234767
239713
241138
244612
245597
206767
209052
209761
210883
214060
215117
215583
223218
226777
229980
232013
255488
204338
215707
221228
223037
223202
232877
245590
256805
273303
278357
279607
279653
281077
287196
288741
289151
289654
291413
291712
292292
297979
301230
308806
260678
269400
269842
274768
276584
279614
286879
289156
289186
289638
289673
290829
291522
300992
258493
265601
267033
273820
277032
278272
278517
284681
288682
288727
289195
289504
291302
258318
262435
273825
278511
278515
279599
288904
289649
289743
291131
291221
291519
292002
292282
293971
293977
299157
299686
299703
301721
307189
258162
259045
261661
262053
264637
271587
276964
279630
280196
280331
287635
288877
289103
289146
289154
289637
289641
291200
291210
291988
292080
300394
302211
309031
257076
260255
263496
269837
270876
273521
279620
286109
286469
288650
288838
289137
289433
289648
289660
290125
290893
291008
298042
303881
258169
261613
269606
270894
271985
278369
287648
288685
289564
290363
291139
291258
291295
296313
299683
303690
303997
258174
266724
269846
273902
277534
279600
279641
288171
289257
289634
289635
290206
290702
293951
293962
299706
303418
303883
308850
336719
346855
353672
360543
310707
315343
323191
357085
318831
320887
322229
326613
329201
338765
357075
359876
362505
362884
364622
311138
314105
314786
348673
349304
366689
310334
314570
315962
323776
327765
334614
334737
336064
336992
339857
350399
356241
356248
356570
366551
310718
311134
318326
319635
329227
332424
352594
359030
363931
312894
314784
320069
320348
328225
334622
341562
341713
349649
358488
363609
368030
310854
311873
328034
346012
346493
358486
376911
398931
409294
371173
375963
403070
405807
409286
416527
419986
369790
375951
384050
390359
392426
393138
398943
402119
402433
375958
382198
384517
419719
425721
433902
371556
389130
411194
412448
414430
424763
413766
415282
419936
427058
433660
375882
380359
382181
384503
387238
404424
405804
405814
407046
421740
432713
371169
381870
389785
392433
403453
403472
404267
404552
451386
466978
473763
474237
488978
490064
442512
473602
486223
496828
496932
474228
480479
503204
435765
466167
473764
474247
478844
490604
494499
468705
469555
469559
479727
484017
439654
449591
472398
492494
435826
457177
490113
491983
492465
496761
436493
437598
457183
467393
489875
498286
506053
524457
535459
535459
535459
547975
552843
535478
549324
513962
526007
555836
557427
526049
529207
538503
552337
538129
541174
555302
555824
560690
562094
507234
512539
519905
525874
546471
549784
555252
515311
536814
557666
560880
525295
528187
538084
540724
562067
562754
565603
565998
583485
632259
566459
568206
572176
593387
654081
562948
566825
613516
623182
627754
563441
568128
577398
588458
593399
563444
563832
577400
581431
621997
623120
568187
755541
751235
746308
695694
722182
766177
754987
787626
726715
746664
664292
664292
664292
745112
726752
673775
747430
725618
757007
660998
703012
746708
691223
664345
740970
666242
708126
769540
723835
709807
752393
747069
748861
751186
791768
787517
746685
691219
764978
752314
785950
752703
666297
726191
747022
770369
723253
794508
681444
770378
761652
780809
751425
748798
752757
885135
801700
952154
864359
963782
864358
954935
887634
863998
926133
809280
875031
834555
829879
908489
822831
908729
906014
960651
924527
822722
920264
813327
964597
996432
1208852
963783
1210755
1031624
1039108
1210753
1031625
1061878
1052217
1178705
1133903
1035835
1192190
1006186
988456
1149665
1032540
979724
1063105
967400
1035087
1060667
1035836
1113063
1220681
1250428
973011
1005269
1210754
1101797
1044914
1157910
1192188
1074415
1407624
1285046
1426833
1284926
1493340
1493340
1285030
1285031
1408144
1477347
1711509
1726739
1685996
1664138
1723078
1621472
1673961
1686031
1719480
1621471
1783239
1851733
1711162
2176945
1821178
2230846
2278821
2156251
2104259
2193013
1941785
1941786
2051015
2176951
2076644
2286118
2263427
2361466
2142460
2246141
2358522
2299563
2119775
2259086
2688452
2877906
2885735
2493070
2526844
2534367
2566475
2718829
2500165
2501087
2491933
2777537
2765713
2566474
2751821
2396830
2534377
2603331
2595728
2507487
2566477
2639492
2804190
2492569
1413864
2765714
2660813
2707912
2534378
2888796
2566476
2502597
2465563
3390404
2941477
3095897
3050273
3520860
2939009
2957098
2922267
3267880
2930345
3042694
3267881
2933302
2946007
3369446
3035141
3126937
2982748
3112290
3261292
3801673
4112803
3662391
3722195
3735563
4226611
3815022
3987624
3724447
3962625
3569373
3599453
3779390
3769427
3717213
3724437
3815046
3779382
3720608
3606786
3840198
3717210
3603237
3954657
3788317
4207226
3819953
3839261
3556419
3954658
3954640
3779381
3801674
4408395
4749049
4749049
4914922
4791712
4562150
4955803
5108543
5108543
4397754
4702227
4385726
4912011
4955811
4777113
4702228
5018286
4465694
4957654
4957654
4613460
4585096
4699330
4727713
4374378
4604007
5273200
5243278
4665224
4585053
4585033
5303169
4617053
5314476
4924546
4449869
4541872
4475381
4994444
5996214
6141429
5795570
5644586
6177002
6210742
6210742
6085057
6169116
6210833
6210833
6202245
5896408
5996172
5578278
6106201
6106201
5596175
6017951
5670826
5967077
5832721
6023404
5894468
6156918
6156918
5633639
6210566
6210566
5991152
5991152
6191866
5896385
5896385
5896385
5795619
5719833
5784853
5531532
6210684
6210684
5462933
5893333
6016441
6177211
6025427
5788476
5620649
6064624
6141478
5820703
6033593
6176705
6176886
6202369
6156920
6156920
5864951
6037704
5343961
5488680
6202177
6202267
5672723
5375941
6156897
6156897
6202198
5929472
5793065
5793065
6177272
5488643
6202274
6156865
6156865
6156908
6156908
5620587
5409685
5842969
5778187
5754516
6202266
6167285
6156904
6156904
6202299
6202316
6202211
6142284
5546861
5445195
5942448
5695364
5996335
5759530
5945827
5924450
6106949
5962723
6131503
5369613
6157901
5575976
5385120
5900511
5821687
6202254
6202342
6060278
6141493
5665960
6176965
5725459
6069083
5662236
6020208
5967046
5633709
5938993
6025414
5778186
5942410
6039495
5996235
5999435
5470012
6202252
