6730886
6734192
6747770
6739134
6748046
6748046
6553778
6751940
6721379
6721379
6723645
6720782
6734529
6725627
6740437
6740446
6740455
6724298
6724517
6740076
6378780
6737132
6748708
6732671
6733812
6734124
6725763
6739183
6748112
6749551
6728842
6730609
6748236
6728913
6224791
6567317
6567317
6736810
6720378
6728250
6730638
6737450
6737435
6750199
6728970
6737679
6724139
6724313
6350721
6744694
6743904
6739210
6739580
6744015
6744015
6726362
6740317
6740752
6752049
6751901
6752384
6498449
6498449
6730891
6732023
6742156
6722802
6722821
6723035
6751928
6752192
6434069
6722204
6360582
6728950
6728956
6745413
6740886
6740933
6741966
6741186
6731391
6734084
6742090
6740804
6753216
6753218
6735027
6735576
6728234
6735415
6730152
6723789
6747712
6738198
6737255
6733526
6733621
6754735
6747203
6728244
6749856
6737866
6722161
6736665
6724312
6669446
6752251
6471345
6739951
6724796
6604570
6460781
6726277
6739389
6740297
6725920
6726372
6742312
6742312
6264680
6727613
6247160
6744922
6740413
6725178
6737720
6345578
6720365
6724597
6721891
6722294
6722317
6748347
6748956
6728762
6726257
6739384
6740285
6585642
6749039
6735789
6732672
6734219
6740579
6725104
6725972
6740369
6741038
6754240
6748520
6736736
6728457
6730333
6747678
6728501
6721335
6716777
6723871
6748834
6431321
6732042
6733993
6737443
6442320
6724164
6604319
6751802
6745372
6725134
6742557
6726062
6742872
6741166
6726085
6739388
6724063
6725316
6725931
6740991
6685611
6237746
6721570
6721789
6529634
6751732
6643555
6752055
6434405
6734304
6744920
6742371
6726216
6434278
6574911
6734563
6742402
6725893
6741218
6753214
6653108
6736704
6737134
6728838
6733846
6744654
6725963
6726148
6740367
6741042
6753217
6735028
6735587
6723799
6748835
6748854
6737253
6751863
6737177
6736419
6724252
6724174
6744898
6744479
6745166
6724789
6727021
6742053
6350753
6752177
6734648
6745381
6745193
6744729
6740862
6727467
6734337
6748860
6745059
6744579
6656565
6749023
6733933
6725958
6581427
6737382
6737174
6730620
6748555
6724559
6264633
6730704
6733795
6733891
6720406
6450784
6736425
6746621
6725585
6725991
6498500
6745322
6744841
6677493
6338997
6751686
6751988
6345452
6720816
6409762
6533443
6683881
6749017
6279000
6728765
6562776
6356409
6730285
6736492
6752321
6748726
6748273
6728785
6724735
6431599
6742859
6744833
6725711
6498473
6742311
6742311
6669670
6636363
6745374
6726215
6751703
6721685
6722678
6721468
6742582
6740457
6739382
6529881
6748718
6313850
6656713
6733773
6733884
6584830
6529584
6498189
6459805
6736686
6275633
6739381
6734607
6260478
6275198
6456465
6249059
6380424
6740843
6604639
6686726
3651118
576
1416
1758
1766
2276
3540
4889
6566
6687
7067
10404
11159
11427
11615
7357
7353
7372
7402
12696
13054
7646
14301
14975
15865
15904
15931
16635
16666
17210
17345
17662
9299
18249
19143
19627
9998
21139
21528
22685
23167
23615
23674
23743
23994
24851
25436
25597
26369
26481
26834
26664
28065
28275
28869
28926
28939
28646
28871
1056
1170
1759
2272
2380
2381
2328
2373
2938
10040
10136
10226
6826
10359
7176
10740
11816
7373
12588
12738
12976
13021
12887
13196
7804
13615
13874
13917
8024
14317
16039
16084
16265
8775
9019
17680
9140
17836
18566
18892
18800
9753
19344
19382
20734
20735
22126
21929
22731
23991
24588
24514
25117
25438
25945
25949
26049
26116
26286
26476
28398
712
360
596
1436
2487
5246
5477
6567
10504
10735
10824
11226
11404
11980
7385
7760
14066
14350
14817
15820
15908
16673
8759
17150
17702
18452
9660
19161
20211
20880
21083
21089
22397
23231
23749
24769
25298
25478
25545
25739
26069
26117
26272
28134
562
852
1111
1399
1421
1434
1592
1423
1659
1815
2125
5315
5353
5717
6678
6953
7169
7171
10945
11671
11846
7391
12226
12883
7588
7512
8145
14789
8347
16428
16667
16669
8676
8756
8773
16968
17298
17310
17365
17735
18444
18587
18798
19579
19821
20382
21085
21619
22132
23039
23620
23759
23990
24027
24171
24010
24515
24940
25126
25154
25452
25893
25794
26414
27966
28287
678
870
1279
4566
6422
6332
6684
10239
10492
10599
11021
11751
11847
7352
12364
8259
8251
15528
15842
16537
17152
17208
17693
17840
18891
20968
20951
22178
23613
24011
24095
24816
24981
25091
25265
25389
25699
25809
25937
25944
25940
26171
26875
27356
28145
28872
620
931
1816
2329
2754
6713
7144
10775
10671
11123
11752
11865
7354
7350
12055
7401
12287
12365
12665
7645
7648
13551
13987
14671
15892
16404
16433
8774
9624
19186
19822
20566
21730
22176
22677
25259
25698
26308
26070
26413
26665
27445
28941
644
605
935
3358
6956
7068
10662
10663
10664
7355
12128
7832
13598
7956
14320
14822
15720
16086
16548
8757
8772
17048
17157
17151
17212
8977
17600
17657
18290
18917
19706
19708
19625
19856
20460
20613
20970
22251
22605
23521
23673
23733
24168
25103
25262
25388
25936
27246
27946
28641
28649
682
2429
2708
2890
5039
5243
6573
6893
7145
7146
7265
11398
11769
7366
12125
7398
12259
12694
12549
12947
7642
7652
13156
13254
13288
8261
8239
15180
8331
16040
16405
16670
17301
17353
17312
17635
17638
17661
17669
17690
9139
9749
19605
9932
22529
23882
24328
25604
25795
26279
27433
27771
27814
28033
28870
30508
30809
31021
31203
32934
33665
33745
33925
34333
34380
35126
41768
42562
43360
43269
43534
46570
46570
47978
53280
55573
56011
58159
30364
30716
30717
30720
31012
31652
32944
33356
33685
34023
34117
34321
34837
36680
37770
38387
38387
41110
46137
48233
50942
58293
29551
30361
30507
31009
32110
32395
32932
33252
33910
34118
34630
37148
39143
39151
40466
40786
42476
46502
48255
52337
56254
29323
29522
29527
29678
30509
31038
32135
32862
34006
34122
34349
35712
43312
48560
50881
52361
53823
54805
55793
57471
58604
58605
29395
29552
29733
30237
30697
30814
31015
31584
31566
32945
32947
32960
33844
33857
35263
37292
37306
39632
39939
42435
43850
46113
46245
50330
29265
29360
31102
31988
33496
33688
34169
34332
34381
34905
35584
35928
36441
42239
42347
44910
50232
51115
52848
56009
56262
56329
57231
57948
58661
29364
29588
29685
30715
30694
30821
31251
31441
32959
33563
33664
33956
33961
33992
39249
43854
48828
48862
49118
51075
52177
52351
57680
58071
58179
29534
29875
30547
31865
32182
35926
37097
37313
37637
38412
43265
43419
44901
45510
48674
49351
51034
53756
58365
60160
62299
64104
66012
66136
66783
67646
72444
73186
73200
76311
77911
77924
79169
79524
83698
85024
87872
88111
91378
100845
104968
106894
106923
110714
110916
110960
114386
115361
115386
118735
118757
119131
121394
123099
125930
127560
128239
134254
134273
134281
137584
60144
60764
60970
60979
66368
66786
71804
73007
74850
76305
77921
79463
81974
83336
83702
85082
86372
86755
88124
91565
93445
93632
102562
104933
104941
105047
105914
112727
115147
118717
120702
134270
138127
60633
65612
66133
68600
72964
73204
78069
79151
82557
85067
86373
87252
88442
91349
96262
110277
113050
112948
113450
113868
115714
118965
121388
121412
128196
129371
134309
63990
68382
73240
77918
78682
79160
80677
81663
81832
81874
82548
83684
85134
88117
88139
93850
98098
98321
98512
104939
106007
106613
110251
110596
114143
118766
125788
126060
127452
134253
134298
134300
136432
137940
61105
63160
63442
66072
71445
76455
77257
77511
79149
80440
80821
81851
83342
86744
88075
98439
102986
103801
105913
107137
110233
117468
134256
134288
136143
138346
63201
63502
66008
66781
74286
74696
75984
79533
80466
83334
86486
88069
96842
102514
102543
104790
105037
105045
110244
110844
111004
113701
115141
115542
115673
117927
121131
125269
132435
134244
134264
134285
61019
62790
63474
65782
69599
73211
77499
80771
81865
83298
83313
87519
88128
90285
93643
98164
98329
98336
106009
106599
110952
110997
115352
115688
115711
118769
118760
118957
134261
73183
74808
80452
80805
83689
84401
88138
90328
91149
98406
98944
99251
102532
111012
115331
115373
125778
134262
138675
145159
145564
148044
148066
153333
157139
157909
158253
167866
167878
168788
170988
171002
171321
172855
172873
172893
172918
174083
175281
176634
177872
178824
179839
179846
179958
182562
183606
184159
184476
184599
187701
188959
189123
190764
191426
191773
192109
192112
192736
193247
194365
196069
199029
199213
201195
201485
203364
148092
157967
158169
159509
161518
161754
165671
167872
168792
170183
170229
171214
171296
171334
172850
172845
172847
172848
176003
178005
178548
179820
179902
185646
188590
188965
190984
191245
191430
194468
194697
198353
199277
202354
144731
146308
147051
147917
167917
167923
167933
167943
168987
171253
172859
174524
174896
178549
179854
183193
186933
187022
188960
189401
191770
191776
191784
192079
195793
196465
197628
197586
197723
199279
199399
202786
203359
203370
203384
143666
147173
148243
148723
157611
158254
164696
165112
167915
167959
167937
168990
172099
172853
174025
175999
176004
181336
183464
183900
187333
188976
189404
191021
193225
193235
194455
194458
194464
196466
197810
197981
199234
199287
145819
146396
148049
148052
148084
151480
157870
157891
161779
163115
164689
164694
166073
166412
167860
167970
168653
170227
172575
172843
172861
173898
174582
176001
176711
178550
179823
179837
179847
181933
182345
183110
187913
188576
192806
193244
193250
198362
198382
199318
199390
201535
203374
146305
146401
146679
148225
151457
152827
154691
155841
155861
157810
164023
164226
164691
167542
167951
167977
171326
171333
171348
172093
172852
172864
174031
174034
174119
174529
176702
179811
179850
181003
182560
188970
188981
189414
191357
191360
192133
192809
192821
196026
196054
199402
200347
201480
201525
201529
203606
203612
203782
146213
146651
148727
157812
158137
158144
158226
158850
162112
162123
163599
167916
167945
167962
169712
170876
171008
174039
178546
181916
183608
184150
188915
189361
191420
191780
192119
196024
196029
196461
196468
199032
199306
200567
202773
203236
203241
203787
147991
150015
155843
156016
157828
157881
157946
158141
158228
158807
158811
167867
168771
168800
168759
168861
170993
171261
172087
172105
172145
172928
173902
174028
174577
174579
174586
176704
178340
179841
179857
185818
187332
189365
190284
192122
192126
193231
193440
196025
196051
196515
199284
199303
199417
202752
203394
203753
204570
205090
205914
207569
209726
210780
215518
221692
222155
225601
227612
228134
228151
228144
228975
231050
233396
233412
234230
235858
235877
235879
235890
235904
237535
237527
239236
242238
242526
244784
245628
245758
254308
254760
254856
255112
256118
204609
204609
207573
207555
211131
211442
211769
213229
213464
216826
217531
217602
221338
221342
221347
223046
225063
225400
228153
229843
230598
232928
233411
234246
234832
234975
235873
235907
238420
240590
241493
242260
242284
243597
243894
244491
245750
245765
245794
245808
245842
247853
251372
252378
256114
256580
204131
204661
204674
204804
205295
206025
207551
207557
207566
208321
211385
211772
211775
214095
217584
218497
221236
221464
223190
223224
223243
224823
225393
225580
226160
227108
228964
233750
235895
238418
242221
243896
245570
245789
245800
251383
252490
204671
207543
211181
211134
211434
211895
216630
219829
221349
221444
221471
222143
227938
229106
229503
232882
234241
235870
235875
236182
236772
237523
238495
239237
242624
244503
245772
245775
245836
247886
249833
250419
251370
256330
204532
207334
211307
213725
216815
217587
221345
221462
222164
225604
226931
226934
228898
231255
232879
232880
233409
235889
239275
241950
242232
242237
245563
245574
249612
252487
254876
204569
207572
209729
211311
214824
218972
221232
222150
222317
225706
228110
228142
228840
228851
232070
232265
234234
234523
235865
235884
236248
237524
237533
238073
242256
243471
244487
244496
244612
245786
245796
246043
250910
251059
251375
251388
207330
208170
211437
211447
211892
215117
215513
216645
219826
221348
221459
221466
221468
222159
223043
223198
223213
225609
225918
227019
228107
228805
228900
228935
232845
233448
235860
235882
236187
236764
237354
240429
242315
243602
243820
244774
245781
245839
247657
247878
249298
251391
251452
252450
204668
206022
207549
208583
208732
213225
215510
216444
218216
221228
221689
223225
225919
228967
230058
231015
231059
231436
234541
235864
236673
237496
237532
237602
239279
240582
242150
242230
242313
244757
244779
245803
245834
251683
257440
257760
257867
259409
259430
260875
263539
273303
284985
287218
288451
289482
291106
292261
292796
292822
296785
296921
296938
299932
300966
309826
261085
263733
269619
271515
272137
281894
284318
286670
288466
289583
292008
292030
296923
296949
298034
301251
305160
259426
263507
263549
263557
263858
263777
269389
272129
278272
284097
288682
288727
292253
295769
296739
296789
296930
297259
299925
299928
299942
301917
308296
259418
261621
262073
263533
263551
263737
263749
263752
263846
265603
268036
279622
280211
281009
289649
289743
291177
292807
292816
296920
297988
298035
299157
299686
299927
302478
257758
259630
260656
261661
263525
263771
263774
274589
274736
276266
276964
285750
287189
287656
289146
291162
292080
292288
292801
292827
293242
294958
296934
296953
303815
307728
308994
257346
259416
274731
280210
285740
286469
288410
289660
290719
292809
292813
299895
300960
302262
257585
263842
263851
271985
274237
274778
277030
278369
289110
289500
291989
297050
299683
300559
303997
304944
305171
305153
263563
263717
263742
263839
263844
263849
269424
269795
275699
275920
277534
278210
279613
280890
287746
288426
288449
289661
296787
296801
298989
299935
299938
304677
308845
311896
311929
311929
313853
313863
316151
326729
330063
339928
361802
367732
312280
321290
322445
334629
338820
341826
346519
353675
360128
360487
365060
365149
311304
312653
312884
313973
322229
330179
335642
340778
341691
346985
346980
349913
352088
353669
353860
359876
366180
323534
335349
336168
340406
346436
346976
347184
349313
310334
311543
311914
311914
316148
323776
327765
335345
336064
340399
341361
341676
346506
351120
352265
353861
354553
356573
356767
311472
311987
313118
315345
315529
319694
322290
333004
333011
342196
355732
356216
361808
363931
310326
310456
314757
319208
322434
330045
334781
341364
342545
344862
346445
347926
358117
361140
368030
310854
310882
311873
314520
316168
318692
319632
320863
320902
322303
326795
327774
331201
334600
338824
345226
346012
346515
347650
358279
358351
358849
359826
369074
375639
378102
378660
378888
385723
386284
397709
398931
417118
428755
431486
369314
370122
376927
378191
387352
387850
395770
397204
397207
399546
400394
404117
412875
418795
419093
419986
426969
434156
434346
378188
389123
391941
394315
395651
395655
397202
402433
404263
407923
426866
433400
434164
434177
434905
374564
375912
384517
388663
391379
404536
408570
424232
424234
428488
428756
428757
432672
369333
374169
376685
376928
378193
385727
395216
395644
395907
408567
413623
421737
424195
426967
369305
375682
398911
399341
403153
404110
404401
404557
406062
406638
407919
417120
419071
419517
423021
428495
376683
384276
384503
384755
387238
398914
407711
434180
370119
371181
377490
381870
395013
398423
400743
404113
408584
408884
410362
421478
421639
421684
431547
431553
434159
435832
438209
442851
443638
448756
449156
458394
461691
468440
469858
471050
474014
474237
488978
490064
490609
498240
502746
503085
503320
435838
449088
449457
458452
464895
466134
468473
470794
473602
482199
484272
495694
495673
496932
498243
503279
503319
503341
435602
442524
445434
449347
463382
465586
467764
468578
471488
472381
472381
472445
472997
481341
490000
490056
502145
502627
438278
441176
441371
442849
443640
449383
451791
461450
462729
463264
463980
464899
467768
468571
472385
472400
472400
475227
475478
479506
482194
483022
485088
489909
490604
496739
503276
442932
443452
445419
449463
450671
450703
451947
458413
462722
468205
468282
468470
471144
475236
476689
476689
482191
484170
485083
488910
490511
491523
503333
440798
443018
449405
449452
453311
458391
468438
468584
469831
471468
471499
472398
472398
472405
472410
475245
475304
475651
477746
489179
490192
490520
492494
496766
502022
503313
442854
445373
449981
458449
463387
471483
472403
475215
475223
475481
476687
479504
484271
488903
488905
490946
492435
492465
496817
501909
502139
503318
434908
436493
438281
439819
442507
442518
449448
449819
456816
456812
456815
461969
463523
467393
468441
468614
469834
471493
474034
478189
479079
481683
482200
484168
489875
490093
490699
492462
492491
505156
507174
511651
512932
514495
514794
514795
514903
516299
517043
518319
518518
519132
522123
523737
526950
529532
548772
554749
557532
558235
504933
509377
511514
514249
515580
517137
523290
523336
524995
525274
525276
531799
536773
542112
544814
546616
548420
548738
549299
559929
505977
506499
507265
509443
513028
513962
514073
514800
516259
517182
518647
519193
519211
520127
520266
522319
523328
523339
523377
524191
525028
526007
527901
531755
542084
542296
555306
555306
555806
509432
518097
519129
526049
527689
531813
540205
544965
544965
552335
555830
509345
512712
514793
517795
518344
523324
525027
525334
526958
527455
532989
536217
536481
539189
543424
546782
548422
549238
552344
555302
560690
507234
509371
512539
513183
514792
514803
516265
517984
518510
525874
526878
527669
528076
529504
529523
542698
544809
546471
546778
547133
548416
559184
504810
510551
513039
515311
516267
516294
518322
518327
524459
525263
527444
528002
531806
539204
540393
541611
543736
546719
548021
552331
553574
555165
560880
510771
518397
536482
540398
540724
555167
558822
565998
568176
583485
585557
590737
636913
649230
655748
563672
567715
569786
572176
592365
623702
565181
592027
592139
600230
643934
646779
648662
563045
564437
574436
590371
590931
592143
594481
594559
624003
642359
646783
563441
565241
566072
588555
643572
646778
596311
600073
608230
649225
563444
565671
571193
575048
583457
589679
596732
608178
614160
623989
633518
640012
648666
569322
580501
593504
597191
642360
650767
740160
751220
751235
780968
753067
762869
695694
683607
719872
754880
793217
658558
726715
745121
732588
751389
755459
766109
725618
717635
699060
723841
746708
751638
691223
746483
746495
743469
664345
740970
663338
708126
769540
742689
752363
781200
787001
772189
751537
774844
726185
792818
663327
747069
658649
755150
791768
793095
745684
772301
726728
664330
681434
752093
794139
785222
770322
781454
755721
767982
785950
746732
726723
661559
752001
755274
787903
740171
754422
723253
723817
755915
755912
757742
713168
748690
666267
679261
745669
692338
748551
722178
781215
751354
785725
746335
751567
664335
760715
769158
697500
746258
790394
677943
743689
875032
857513
827030
904132
835125
864359
819734
963782
831839
819162
836883
828689
954935
841034
799661
887634
863998
839559
928432
800680
918894
899937
845350
883226
859340
926133
809280
827167
840526
824849
843088
914429
838775
904115
904115
925278
839166
954979
908489
818583
813380
821888
821958
871360
800818
823367
938052
813327
904117
800826
996432
1202067
1003957
1027702
1009138
1141824
1174233
1146207
1147648
976921
1007210
1132791
988500
1045539
1013924
1061998
1035835
1192190
998087
990979
1175744
1149665
1005209
1032540
1018981
1066035
1182785
967400
1210483
1210483
1062359
1035087
1033390
1052880
1202072
1035836
1052882
1053893
1250428
1100603
1186265
1108813
998094
1210754
1044914
1157910
1055490
1100627
1479193
1375100
1441168
1355874
1284926
1472999
1379772
1276225
1513484
1285026
1349750
1410863
1393848
1375099
1309364
1375098
1411965
1276284
1373648
1363014
1487887
1482581
1385954
1285042
1271233
1441388
1641783
1783850
1783848
1888850
1669419
1917289
1760826
1901785
1613782
1621479
1862060
1711480
1686031
1717017
1810766
1732898
1729674
1612116
1623514
1719480
1810767
1680297
1732857
1675962
2097863
2210599
2328800
2071804
2112878
2222997
2334691
1415009
2210614
1332317
2097846
1976503
1821178
2218186
2348478
2149068
2149068
2059315
1985665
2097862
2278821
2328812
2210613
2116899
2210610
2027271
2104259
2097864
1976175
2130419
2192964
2222963
1976504
2150825
2150825
2100509
2341596
1950773
2210616
1985458
2111241
2210612
2210600
2176951
2348522
2281764
2076644
2076644
2115791
1953723
2358251
1976502
2025987
2025987
2099324
2329822
2210597
2163717
2163717
2162376
2121010
2121010
2358522
2261241
1977779
2026943
2292800
2292800
1999354
2201986
2339729
1980190
2331403
2116546
2307504
1980010
2210596
2210596
1994935
2341597
2375553
2235406
2270762
2577029
2702777
2656011
2654196
2612780
2612780
2536445
2536445
2842518
2492508
2592333
2406071
2791997
2633100
2444288
2877906
2627181
2507014
2492542
2873438
2702778
2722485
2856081
2873439
2718829
2500165
2765711
2674766
2492566
2578247
2578247
2786161
2786161
2650823
2877280
2765713
2800314
2800314
2702764
2750415
2622560
2847137
2689905
2831948
2603331
2844629
2561733
2888497
2563667
2465594
2622575
2500191
2492559
2856080
2839483
2463196
2623812
2578282
2595728
2492522
2697674
2689165
2744696
2612781
2804190
2713589
2765714
2660813
2628883
2492509
2806066
2742144
2568627
2844637
2438106
2708456
2689906
2771339
2679148
2820703
2841310
2628882
2726632
3428792
3139659
3487103
3165371
3165371
3165371
3487123
3428790
3133486
3213167
3054498
2933613
3236199
3030982
3031014
3031014
3030984
3011109
3011109
3010210
3010202
3032437
2933318
2933318
2933317
2933317
3429613
2938986
3161630
3199735
3520860
3523577
3001322
3516781
3052203
2999601
3144829
2969220
2939009
2945988
3429168
3492223
2928503
3142943
2979718
2943689
3054495
3187804
3523141
3104773
2930345
3167303
3530889
2982705
3429612
3519392
3519392
2945989
3195858
3057224
3031001
2946053
2918943
3349771
2945987
3016470
3373122
2982748
3174647
3085330
2994431
2946054
2946019
3896045
3896045
3983559
3896044
3982805
4020375
3906272
3895999
3993362
3827676
3827676
3827676
4012140
3693307
4181910
3639411
3696988
3696988
3679657
3622329
4296519
3599453
3962610
3962610
3631897
3756901
4251833
3876028
3845782
3949800
4018009
3592438
4151074
4222456
3840198
4231740
3695376
3693305
3693305
4012158
3983579
3642247
3556420
4207226
4012916
4154917
3788320
3717484
3606619
3986905
4408395
5267529
4838097
5324540
5221828
4491432
4838123
4516214
4627437
4924320
5329829
5267327
5267327
4696712
4908366
4808054
4808054
5039249
5276670
4741849
5155756
4465694
4729827
5290578
4613460
5253917
4856353
5004369
5267368
5200435
5200429
4585096
5221831
5061675
5249809
5267533
4935848
4407111
4407111
5204421
5204255
5324496
4604007
4442511
5252979
4585053
4734118
4585032
4732544
5250135
5191298
4617243
4656613
5148006
5250151
4541872
5253925
5267537
5130033
5797987
6131485
5881923
5801921
6177002
5846869
6210742
5415036
5350179
5350179
5488699
5597717
5597737
6085057
6210833
5922918
5896408
5384869
5350963
5350963
5986682
6146400
5649766
5415044
5935521
6156918
6210566
5909856
5896385
5747738
5747738
5747738
6210684
5722448
5790043
6056920
6177211
5708519
5865465
5864879
6176705
6176886
6176855
6089036
5875128
5735752
5821703
6099396
5846850
5375941
5865070
5917337
6156897
5791846
5791846
5692743
6177272
6177272
5996332
5697584
5488643
6156908
5778185
5778202
5694415
6154376
5445253
5658714
5895874
5700330
6157609
6167285
6156904
6131484
5508270
5597720
5996305
5761391
6150759
5778312
6137833
6185796
6016469
5932200
6053670
5932241
5427646
5996328
5996147
5829617
5989878
5455004
5986459
6174085
5692966
5847810
5829666
5415251
5885409
5537504
5795259
5924624
5628291
5525702
5986531
5821686
6051104
5697882
5409539
5722896
5895866
6176965
5808310
5875011
5912356
5445207
5697379
5996374
5725674
