6749011
6233845
6540530
6553778
6247187
6751940
6732140
6275663
6663009
6607428
6378780
6285933
6285971
6748708
6286041
6286944
6559362
6736742
6576687
6576687
6567317
6286404
6286262
6750199
6275548
6654587
6325830
6311657
6683959
6491607
6491607
6741240
6497135
6669665
6498449
6498449
6480172
6571801
6571974
6286696
6607484
6751928
6752192
6728955
6656739
6285946
6723013
6435789
6575670
6575680
6575685
6754735
6352624
6559898
6742350
6604570
6567310
6567310
6460781
6742863
6673183
6247063
6572184
6533467
6733194
6286665
6375733
6328595
6585642
6237879
6736724
6617685
6529986
6705716
6575681
6575019
6450068
6450068
6696606
6442320
6748653
6748662
6597657
6449986
6449986
6751802
6745372
6742557
6629699
6510739
6739576
6303665
6584653
6613947
6723023
6271188
6410180
6410567
6726017
6749005
6452904
6323298
6659907
6286806
6286283
6560080
6286467
6286324
6574800
6286856
6578006
6434492
6286170
6286101
6742354
6566582
6739387
6636341
6604480
6641177
6575668
6734648
6568797
6568640
6568714
6544056
6744579
6292905
6724559
6575682
6574799
6714016
6733380
6618491
6574818
6285894
6610470
6739572
6338997
6410124
6356409
6752321
6545873
6285911
6431599
6669669
6491610
6491610
6285758
6568622
6751703
6707688
6721511
6529881
6748718
6748718
6238010
6673055
6574798
6749495
6428377
6584830
6275592
6275592
6367701
6543642
6435876
6572362
6249059
6380424
6345581
6629697
3651118
255
590
576
784
733
1766
2258
2247
2262
2289
2342
2918
2941
3540
4769
4757
4889
5206
10099
6859
6864
6902
7070
7094
10404
10475
10477
10487
10628
10679
10821
11055
11118
11377
11387
11266
11405
11534
11658
11825
11977
7353
12025
12030
7383
7381
12141
12340
12373
12733
12772
12813
7579
13054
7646
13128
13154
13186
13242
13246
7812
7831
7834
13575
13597
13677
13692
13753
13797
13943
14447
14449
14452
14453
14554
14446
14566
14593
14705
15090
15322
15840
15843
16074
16212
16635
8790
16989
8919
8927
17210
17325
17408
17300
17345
17575
17720
17764
18249
18146
9469
18440
18949
19073
19682
19780
19792
9968
20926
20457
20943
20564
20949
20676
21528
21689
21707
22134
22136
23029
22491
22524
22685
23167
23197
23199
23674
23743
23927
23994
24165
24528
25093
25101
25105
25120
25158
25256
25267
25387
25129
25445
25564
25597
25720
25942
25952
25955
25995
25998
26059
26187
26302
26471
26481
26664
26686
26733
27110
27117
27372
27484
28065
28147
28272
28288
28289
28580
28647
28869
28922
28939
28871
29072
344
538
603
867
932
1056
1072
1171
1321
2338
2380
2381
2914
5056
5241
5571
6253
6374
6426
10100
10476
10592
10600
7176
10740
11006
11469
11635
11618
11816
11939
11898
7373
12054
12264
12278
7459
12976
12979
12887
13196
7816
7825
13190
13391
13584
13615
13732
13868
13874
13917
14188
14448
14451
14819
14820
14926
15022
15045
15748
15808
16076
16083
16202
16225
16247
16388
16558
16784
16944
8775
8925
8917
17311
17333
17404
17426
9049
17587
17945
9140
9202
17836
18556
18740
18801
18892
18800
18990
9753
19344
19740
19741
19782
19742
9973
20100
20409
20950
20734
20735
21150
21189
21511
21681
22152
22126
21929
23102
23413
23915
24169
23995
24331
24373
24721
24601
24671
24514
25079
25104
25122
25149
25156
25273
25385
25442
25642
25713
25945
25954
26379
26116
26162
26309
26476
26588
26629
26666
26682
26780
27238
27240
27562
27563
27570
27788
27802
27887
27967
27536
27991
28000
28274
28578
28648
28651
486
360
596
604
698
928
1322
1426
1835
1856
1886
2245
2269
2244
2323
2379
2687
2387
2897
4765
5129
5053
5246
5572
5477
6658
6673
6577
10266
6860
10495
10488
10504
10660
7187
10735
10580
10590
10718
10816
10890
11226
11332
11824
11856
12001
12109
7385
12371
12374
12780
12681
7446
12920
13125
13127
7806
7800
13382
13402
13866
13696
13869
14065
14444
14450
14524
14459
14603
14817
14818
8243
8288
15038
15434
15908
15950
16400
16509
8558
16913
17342
17362
17407
17427
17406
17676
17684
17856
17969
9183
18098
18808
9660
9743
19184
19455
19577
19672
19679
19747
19744
20015
9967
20880
20593
20632
21089
21425
21574
22143
22142
21799
21935
22256
22257
22398
22494
22526
23091
23231
23635
23751
24244
24511
24574
24769
25092
25111
25386
25447
25457
25588
25596
25697
25715
25739
25796
25946
25957
26008
26019
25947
26054
26069
26117
26272
26577
26774
26676
26700
27105
27116
27116
27245
27276
27329
27425
27561
27876
27998
28047
28134
28271
28237
28277
28298
28511
28615
696
852
929
1111
1069
1399
1320
1659
1885
2125
2246
2263
2385
2384
2322
2391
2916
3525
4609
5115
4878
5618
6318
6540
10221
10224
10264
10267
7086
10490
10522
10454
10497
10626
10779
10945
11221
11267
11247
11671
11855
11964
11981
12031
12039
7391
12207
12258
12370
12576
12579
7452
12913
7588
7512
7647
13101
13167
7820
7822
13295
13596
13691
14013
14442
14445
8157
15037
15043
15078
15421
15659
15800
15830
8351
16156
16219
16263
16428
8676
16879
8773
8829
16877
8932
17209
17298
17310
17338
17344
17350
9009
9017
17365
17651
17857
18587
18597
18640
19142
9727
19736
19745
19821
21086
21346
21370
22141
21851
21952
22236
23031
23039
23379
23399
23397
23220
23224
23620
23736
23847
24027
24171
24010
24088
24512
24515
25107
25272
25379
25383
25794
25932
26004
26004
26414
26305
26408
26578
27098
27243
27269
27279
27345
27936
27859
28142
28050
28100
28367
28622
28645
28885
28644
29050
392
678
870
1279
1650
1877
1821
1826
3564
4426
4767
4768
5128
4753
6332
10170
6605
6690
6684
10223
10239
10272
10294
7090
7100
10492
10599
10640
10648
10846
11645
11751
11784
11948
11916
12050
7384
12110
12115
12216
12320
12391
12464
12364
12697
12700
12695
12882
13147
7818
7808
7823
13109
13601
13694
13890
13870
14171
14443
14454
14456
14458
14542
14825
15191
16059
16069
16079
16114
16507
16537
16538
16665
16801
16834
8813
17136
17208
17251
17693
17840
18557
18695
18806
18856
18977
9742
9735
9725
19078
9808
9730
19188
19224
19630
19711
19734
19738
20008
20238
20561
20596
20686
20707
21147
21529
21702
21525
21816
23032
22437
22492
22495
22645
23218
23308
23637
24011
24722
24679
24833
24868
25091
25094
25095
25116
25131
25268
25389
25616
25529
25699
25710
25717
25894
25931
25944
25940
26003
26013
26380
26061
26160
26171
26188
26483
26525
26585
26594
27487
27535
27744
27968
28048
28088
28138
28145
28464
28627
28872
28581
28625
28888
425
699
484
463
931
1172
1173
1582
1324
2104
3251
3565
4763
4755
10229
6865
10581
10775
11217
11123
11516
11634
11752
11867
11955
7354
12055
7427
12287
12365
12461
12799
12999
13045
13073
7802
7811
7828
13551
7948
14009
14276
14457
14553
8191
14897
15023
15042
8287
8260
15499
15769
16066
16113
16404
16433
16553
16555
8690
16960
16977
8912
8931
17299
17430
8997
17604
17610
17611
17618
17665
17689
17806
17899
18281
18540
18738
18909
18970
19187
19337
9871
19578
19793
19822
19790
9962
20167
20431
20942
20566
20615
20952
20644
21164
21165
21718
22144
22133
21908
22277
23033
22528
22683
22727
22768
22943
22746
24325
24813
25096
25164
25254
25258
25259
25377
25382
25698
25718
25943
26002
25859
26045
26184
26304
26413
26836
26645
26665
26589
27424
27886
27445
27992
28049
28052
28064
28107
28494
28496
28887
28941
28633
28884
427
560
871
936
2109
2124
2270
2383
2444
2904
3501
4766
4770
5576
6598
6604
10295
10386
7083
10449
10593
10778
10984
11022
11080
11249
11347
11271
11426
11611
11696
11753
7355
12108
12179
12032
12322
12358
12465
12289
12688
12551
12970
12973
12946
13157
7748
7832
7836
13606
13695
13945
14460
14629
8155
15660
15720
15876
8343
16115
16273
16424
16559
8833
8831
16981
8906
8924
17657
17941
9203
9182
9751
19183
19457
19531
19606
19706
19708
19739
19748
19767
9933
19856
9975
20387
20460
20462
20559
20699
20970
21155
21373
21719
21393
21770
21772
21759
22130
21907
21963
22986
22251
23023
22593
22728
23089
23090
23445
23398
23673
23821
24168
24356
25103
25108
25150
25153
25157
25255
25260
25271
25378
25563
25719
25681
25740
25941
26034
26006
26028
26068
26075
26233
26139
26298
26537
26696
26718
26772
26777
26920
27246
27270
27407
27449
27534
27913
27946
27958
28156
28445
28562
28624
28923
28487
682
777
1071
1254
2708
2458
2890
4620
5202
5243
5428
6573
10222
10225
7098
10417
7157
10802
10845
7265
11079
11378
11398
11336
11384
11769
11971
12029
12125
7398
12259
12389
12694
12947
12955
12980
7642
7652
13156
13254
7821
7813
13288
13148
13191
7807
13700
13800
14455
15024
15041
15180
15454
15805
15810
15878
16075
16279
16405
16411
16556
16750
16800
8681
16978
8923
17258
17301
17347
17353
17364
17403
17409
17428
9015
9050
17312
17617
17643
17661
17690
17736
17838
18430
18706
9810
19576
19746
9932
9934
19936
19939
19967
9976
20099
20876
20594
20680
21879
22185
22375
23028
22436
22493
22529
22944
23390
23869
23882
24328
24888
25087
25090
25127
25155
25257
25261
25604
25641
25795
25996
26007
26050
26063
26358
26410
26411
26630
26776
26698
27322
27433
27814
27856
27937
28008
28177
28575
28870
29295
29499
30325
30508
30693
30819
30772
30813
30878
31192
31193
31203
31719
32532
32934
33251
33087
33288
33370
33665
33745
33999
34333
35162
35427
35447
36016
38357
38359
39274
39504
40454
41607
41768
41966
42562
44937
46543
48024
48694
48694
49190
49239
49357
49362
51130
51137
51149
51213
51214
51145
51152
52268
52286
52292
52371
55573
55630
55730
56011
56832
56961
56943
58271
58274
29294
29498
29911
30353
30364
30692
30717
30720
31433
31428
31652
31877
31985
31971
32929
32951
33356
33746
33685
33854
34030
34846
35586
36296
38363
38822
38842
39520
40808
43252
43756
43788
46137
47986
50014
50942
51159
51105
51133
52324
52332
52339
52373
52375
52386
52394
52356
52374
54168
54854
55559
55619
55649
56779
29163
29391
29500
29697
29756
29845
29757
30051
30221
30361
30491
30507
30568
30625
30596
30883
31262
31386
31654
31593
31743
31871
32134
32395
32939
33073
33380
33564
33778
34329
34696
34844
35070
38836
40466
42288
42534
45928
46383
46562
50224
51032
51039
51180
51227
51229
51165
51210
52329
52402
52359
56254
56946
56937
58718
29264
29390
29503
29678
29692
29694
29698
29755
29953
30355
30509
30817
30810
30833
31190
31594
31885
32627
32135
32862
33010
32991
33369
33493
33744
34006
34122
34376
34724
34843
34845
35712
38845
39322
39403
40233
40785
40791
40991
42200
42200
42619
48560
48706
49974
50187
51110
51191
51237
51182
52342
52377
52370
54189
54360
54805
55551
56272
56877
57471
57956
58042
58148
58275
58698
29268
29318
29395
29453
29733
29869
30014
30329
30697
31015
31024
31718
32137
32859
32945
32960
33013
33065
33489
33857
33855
33918
34009
34099
34366
34428
34651
34815
34853
36165
36492
36749
38345
38816
40333
43947
45652
46245
47984
51120
51129
51138
51172
52272
52357
52401
53335
55567
56828
56839
56963
56953
56978
58062
58062
58601
29233
29267
29360
29758
29800
29987
30241
30242
30512
31194
31066
31102
31106
31634
31744
32860
32957
32962
32952
33496
33963
33836
33842
33926
34113
34120
34332
34536
34882
35733
35928
36353
36663
38768
39298
39305
40782
46593
51141
51223
51225
52365
52384
52389
52391
53695
55727
56009
56868
56951
58277
29165
29201
29364
29685
29985
30306
30354
30362
30715
31019
31108
31251
31452
32626
32047
32247
32494
32928
33563
33664
33992
35043
35589
38824
39249
39267
43266
43425
44913
46587
48101
48554
50194
51025
51050
51075
51009
51106
51126
51139
51215
52282
52319
52362
52364
52379
52369
52841
55737
58071
58179
29313
29580
29710
29734
29696
29743
30245
30547
30695
30732
31018
31123
31252
31865
31884
33280
33430
33852
34556
35429
35926
37097
39374
39638
46576
48674
51034
51177
51233
51633
53756
54164
55720
56851
56952
57833
61036
61410
62299
62657
62767
62810
63054
63188
63637
65891
66165
66580
66636
66641
66765
66783
70947
70949
70925
71946
71960
71962
71949
71953
71973
71984
71985
71988
71999
72002
72018
72024
72033
72037
72053
72054
72083
72085
72088
72094
71992
71998
72005
72025
72065
72067
72120
72131
72166
72211
72212
72218
72263
72269
72192
72234
72295
72298
72308
72320
72332
72335
72363
72368
72370
72372
72376
72383
72408
72288
72294
72296
72343
72381
72616
72784
72831
72851
72869
73016
74657
75602
76094
76179
76311
76443
76462
79564
79592
79606
79701
79757
79766
79781
79797
79817
79835
79833
79920
79936
79966
79986
79964
80428
80655
82672
82695
82702
83332
83698
85344
86376
87864
88536
89569
89618
91732
93709
94235
94441
94449
94534
94515
94740
94751
95204
98423
98480
99404
100841
102363
102365
102374
102385
102431
104828
107188
107728
107733
107743
107844
107854
107863
107866
107942
108093
110235
110259
110410
110527
110551
110609
110714
110916
110960
111619
111662
111589
111766
114386
115544
115597
115611
115579
117208
117214
117473
117522
117525
117498
117763
118244
118662
118681
118691
118692
118710
118732
118777
118781
118791
119131
119180
119264
119243
119419
120079
120803
121394
121937
121942
121951
121986
122004
122007
122698
123482
123755
124188
125798
125809
125865
125913
125930
126730
126774
126778
126832
126912
126963
127455
129086
129927
132776
132791
132985
133048
133049
133099
133056
133160
133171
133189
134936
134947
135877
135898
135987
136842
136845
136848
136854
136855
137584
138126
138428
138444
138446
138447
138474
138475
138504
138507
138512
138519
138540
138542
138557
138559
138573
138581
138584
138603
138617
138633
138586
139912
139927
139936
139937
139954
139999
140128
140199
60144
60700
60764
60953
64316
65443
65881
66326
66332
66342
66628
66786
67447
70876
70944
70992
70914
70998
71981
71980
71986
71997
72006
72012
72015
72017
72016
72032
72043
72047
72059
72062
72080
72091
72093
72096
71966
71995
72031
72066
72079
72128
72139
72158
72171
72178
72210
72221
72223
72226
72235
72257
72119
72121
72122
72147
72187
72195
72197
72205
72229
72238
72271
72272
72301
72304
72307
72390
72400
72424
72309
72315
72626
72800
72776
72862
73009
73042
73046
74850
75185
75964
76090
76125
76227
76168
76305
76449
76485
79463
79618
79633
79642
79646
79695
79754
79780
79783
79784
79785
79802
79809
80489
82507
83702
85060
86372
86755
89735
91771
93172
93445
93717
93742
93764
94414
94450
94411
94433
94507
94711
96836
97518
98417
98486
101550
102360
104826
104829
104944
105047
105914
107700
107814
107856
107932
110241
110523
110538
110568
110572
111640
111656
111780
112833
114221
114984
115147
115550
115553
115556
115561
115564
115573
115580
115596
116391
117530
118236
118267
118675
118702
118738
118771
118788
118813
119080
119197
119218
120796
120811
120828
120846
120861
120897
120862
121936
121938
121939
121953
121970
121973
121983
121995
122001
122792
123369
123378
123483
123657
125883
125898
125908
126861
126887
126930
126959
126882
126953
127040
128862
129072
129110
129110
129856
129861
129848
129909
129913
129966
129984
129871
130764
132349
132579
132971
132986
132997
132998
133050
133074
133108
133155
133019
133285
133319
134921
134860
134924
134933
135851
135862
135865
135887
135888
135893
135903
135906
135907
135984
136513
136519
136526
136536
136846
136995
138325
138456
138460
138467
138468
138469
138470
138485
138491
138501
138509
138515
138517
138532
138534
138539
138565
138477
138487
138513
138553
138555
138556
138577
138578
138594
138611
138700
138629
138643
138957
139900
139910
139916
139950
139958
139975
140025
140087
140184
140190
140196
140202
140134
140208
60633
61021
62800
63181
63949
65248
66160
66264
66767
67439
68600
70848
70995
70928
71955
71948
71976
71990
72004
72049
72078
72097
72117
71968
72014
72041
72130
72133
72137
72141
72160
72172
72179
72203
72208
72232
72169
72182
72201
72260
72286
72287
72299
72316
72317
72325
72331
72341
72348
72292
72334
72428
73051
74801
75130
75898
79558
79567
79616
79669
79670
79679
79738
79771
79773
79798
79801
79814
79876
79710
79939
79947
79987
80011
80024
79927
80039
80625
80638
80649
80690
80697
82570
86373
89673
91255
91313
91838
91741
93242
93705
93727
93787
93790
93805
94301
94312
94436
94468
94490
94578
94629
94520
94730
94744
95458
98519
99411
99435
99625
101285
101514
101525
102380
102416
102450
103551
104304
104806
104816
104838
104852
107721
107731
107817
107839
107861
107851
107962
107916
110122
110341
110536
110587
111062
111604
115559
115589
115960
116751
117557
118190
118666
118688
118683
118696
119203
119191
119224
119430
119469
120869
120875
121388
121412
121979
121990
122006
123331
123330
123434
123489
123450
123648
123588
124209
124546
125261
125799
125851
125866
125926
125847
126812
126860
126875
126985
128358
128371
129165
129842
129847
129865
129879
129888
129920
129921
129959
130014
129916
130057
131982
132958
132976
132981
133001
133005
133000
133014
133028
133034
133069
133128
133007
133148
133177
134928
134940
135289
135885
135896
135897
135901
135874
136518
136531
136828
136836
136840
138427
138429
138432
138437
138455
138471
138481
138494
138498
138511
138520
138525
138529
138537
138543
138544
138549
138453
138554
138562
138564
138574
138585
138588
138591
138604
139399
139898
139943
139961
139923
140052
140015
140137
59480
60205
61285
62833
62787
66600
66647
67430
67523
70723
71022
71040
71002
71952
71959
71971
72011
72056
72057
72086
72110
72114
72115
72116
71991
71993
72019
72034
72060
72071
72100
72123
72149
72151
72157
72165
72174
72189
72204
72209
72215
72239
72256
72233
72280
72293
72305
72333
72347
72356
72367
72369
72422
72327
72385
72395
73039
75129
75132
76484
77104
79583
79590
79597
79635
79657
79691
79705
79744
79765
79776
79803
79844
79867
79752
79788
79884
79891
79896
79934
79937
79959
80027
79902
80001
80413
80433
80664
82493
82719
83380
83585
84619
89661
91262
91301
91758
91882
91943
92083
93793
94112
94144
94409
94423
94429
94442
94495
94549
96853
96891
98098
98415
98469
99927
101732
102369
102415
102436
102459
104773
104939
104946
105972
107698
107703
107737
107834
107784
107807
107914
107920
107936
110261
110562
110573
110607
111271
111613
111644
111667
114706
115533
115614
115615
115631
115619
116400
117540
118175
118239
118704
118792
118798
119177
119183
119188
119195
119235
120817
120849
120850
120855
120888
120865
121943
121966
121977
121972
123319
123320
123411
123445
123414
123423
123476
124178
125852
125879
125901
125895
125958
125966
126767
126807
126870
126871
126896
126966
126972
126856
127007
127431
127434
128753
129078
129139
129143
129220
129858
129902
129971
129976
130036
132275
132305
132972
133004
133023
133027
133054
133059
133063
133166
134927
135031
135880
135902
136510
136780
136787
136801
136838
136992
138462
138490
138493
138495
138496
138506
138538
138448
138465
138558
138561
138567
138568
138570
138589
138590
138602
138632
138685
138693
138552
138646
138729
139411
139406
139892
139931
139953
139990
140003
140043
140047
140076
140126
61002
61105
62778
66596
66619
66754
67633
68317
70720
70954
70956
70965
70968
70972
70978
70982
70907
71950
71958
71957
71987
71994
71996
72001
72009
72027
72038
72040
72046
72050
72061
72070
72076
72104
72109
72135
72173
72176
72190
72202
72244
72261
72266
72180
72220
72237
72275
72276
72284
72300
72303
72306
72340
72345
72353
72398
72412
72283
72290
72323
72426
72889
72840
73085
76133
76455
76478
78850
78968
79562
79569
79572
79595
79627
79661
79671
79722
79736
79812
79841
79725
79808
79824
79882
79963
79976
80032
80042
80405
80425
85052
86161
86744
87261
87699
87705
88215
89607
89629
91298
91874
93714
93779
94228
94417
94430
94601
94564
94661
94706
94716
94718
96455
97098
98091
98101
99622
101499
101836
105170
105381
106604
107707
107709
107713
107840
107859
107864
107868
107757
107857
107949
107951
107921
109985
110254
110550
110567
110598
111635
114989
114994
115195
116471
117502
117545
117631
118203
118230
118724
118799
118741
118784
118785
118805
118817
118822
119121
119194
119210
119129
119192
120838
120860
120873
120884
120890
121945
121965
121974
121976
121957
121964
122002
122009
123338
123566
123575
124200
125267
125796
125869
125892
126737
126742
126878
126903
126951
126965
127001
126938
127481
128231
128355
129151
129213
129838
129852
129863
129851
129906
129911
129925
129950
129954
129990
129936
130763
132526
132973
132978
132984
133008
133009
133016
133024
133042
133139
133147
133173
134943
134968
134971
135859
135871
135904
135908
135919
135992
135855
136516
136524
136822
136843
138339
138458
138473
138523
138528
138536
138514
138551
138595
138625
139197
139896
139902
139906
139920
139948
139951
139967
139972
139930
140002
140056
140124
139983
139986
140019
60996
62761
65952
66346
66587
67476
67527
67533
67548
70721
70891
71006
71965
71967
71979
72010
72021
72028
72039
72069
72073
72074
72081
72102
72106
72107
71975
72030
72045
72082
72092
72098
72124
72150
72164
72199
72213
72219
72222
72240
72255
72262
72145
72153
72224
72227
72247
72248
72250
72278
72281
72289
72311
72324
72328
72339
72344
72349
72374
72378
72386
72389
72403
72419
72291
72297
72319
72952
73024
73028
75473
76118
76161
76499
79144
79548
79577
79581
79584
79588
79681
79683
79707
79793
79800
79807
79822
79861
79906
79916
79951
79958
79975
80008
80028
80002
80466
80615
80620
80670
82536
82713
83570
83675
83712
86486
87689
87722
88199
89559
89649
89701
89707
91294
91869
91884
92071
93733
93801
94145
94231
94426
94501
94524
94586
94666
94710
94746
96842
96881
98453
99417
99562
101537
104807
104779
104957
105037
107489
107492
107724
107808
107849
107867
107941
110274
110416
110543
110588
110600
110602
111004
113092
114700
114714
114723
114969
115001
115009
115547
115566
115545
115583
116382
118215
118707
118709
118716
118753
118823
119202
119204
119207
119211
119257
119421
119424
119910
120080
120797
120804
120853
121131
121384
121933
121935
121955
121961
121984
121992
121996
122003
121980
123339
123679
125768
125775
125797
125802
125803
125815
125857
125861
125873
125945
125935
126771
126782
126790
126795
126848
126762
126855
126873
126916
126937
126958
127226
128362
128840
128842
129243
129850
129929
129963
129993
129999
129922
130079
132404
132959
132962
132963
132966
132967
132991
133071
133076
134931
134956
135007
135883
135889
135895
135974
135892
135900
135978
136372
136523
136857
137663
138430
138435
138438
138442
138451
138454
138476
138484
138489
138499
138500
138502
138516
138521
138526
138530
138531
138478
138482
138583
138601
138688
138698
138707
138566
138597
138624
138948
139894
139918
139940
139969
139974
139978
139979
140180
59468
62790
62826
62805
63640
64330
64599
66083
66609
66759
67157
67456
67539
68458
69627
71036
71042
70938
70939
70959
71760
71961
71956
71970
71977
71982
72007
72013
72048
72058
72068
72084
72105
72108
72118
72044
72052
72055
72063
72077
72099
72101
72142
72155
72156
72159
72161
72186
72194
72230
72241
72242
72251
72258
72268
72188
72231
72246
72259
72273
72274
72302
72365
72352
72362
72418
72636
72779
72883
72826
72947
73018
73037
73041
73211
74853
76151
76500
77499
79576
79599
79580
79613
79715
79751
79764
79790
79821
79823
79855
79907
79914
79952
79994
79943
79995
80057
80450
82652
82664
82682
83528
86800
87519
87712
87718
87726
89093
89644
90322
91265
91307
91776
93194
93643
93791
93798
94421
94435
94457
94150
94580
94619
94659
94702
94725
94738
94748
96620
98164
99423
99922
102421
102361
107762
107800
107821
107923
107927
107958
108080
110236
110408
110270
110559
111597
112828
114710
114717
115004
114963
115585
115688
116403
117478
117549
118195
118219
118721
118726
118728
118778
118793
118801
119184
119198
119205
119427
120836
120864
120872
120894
120867
121126
121931
121949
121989
122167
123291
123309
123333
123347
123354
123458
123471
124163
125807
125789
125844
125886
125963
126865
126891
126894
126944
127018
129155
129841
129907
129933
130003
130039
132360
132362
132961
132990
133012
133013
133035
133046
133055
133062
133064
133123
133157
133184
134944
134953
134961
135875
135878
135882
135899
135909
135917
135986
135861
135863
135873
135969
136833
136850
136858
137039
137907
138431
138439
138441
138464
138466
138479
138488
138505
138541
138545
138575
138579
138598
138608
138609
138704
138563
139895
139925
140029
140131
140140
140143
140169
140205
61337
61804
62771
65786
69622
70609
70920
70932
70960
70975
70987
70994
71034
70952
71964
71969
72020
72022
72023
72075
72095
72112
71974
72029
72129
72132
72134
72140
72144
72146
72154
72163
72170
72177
72181
72184
72185
72191
72193
72200
72207
72236
72249
72253
72264
72125
72148
72183
72217
72254
72270
72279
72310
72313
72329
72336
72338
72351
72355
72357
72392
72411
72407
72845
72879
73032
74808
75690
76144
76205
76444
77232
79274
79570
79607
79652
79637
79654
79689
79704
79747
79791
79852
79761
79900
79926
79979
80446
80416
80644
80693
81979
82422
82455
82514
82546
83320
83560
83689
89555
89638
89714
89725
89963
90328
90977
91747
91841
91878
92098
92354
93722
93769
94066
94223
94225
94446
94448
94254
94481
94529
94593
94558
94708
94733
94755
95009
96846
97488
97493
97506
98484
99442
101523
101542
102409
104809
104822
104931
104949
107723
107742
107791
107803
107825
107870
107872
107748
107830
107919
110553
110554
110558
111611
114719
115537
115541
115567
115586
115592
115603
115607
115633
115563
116223
116409
118694
118697
118700
118775
119139
119187
119215
119217
119226
119250
119221
120799
120844
120857
120851
120871
120878
121209
121423
121932
121944
121950
121994
121998
123384
123541
123653
123662
125778
125848
125856
125915
125956
126785
126868
126884
126909
126921
126928
126945
126969
127029
128470
128859
129138
129161
129162
129482
129837
129840
129845
129846
129905
129939
130008
129945
130010
130031
130706
132955
132956
132987
132992
132995
133022
133032
133041
133045
133068
133140
133057
133197
134217
134949
135868
135881
135894
135913
136534
136535
136813
136830
136834
136839
136794
138433
138445
138450
138463
138483
138510
138522
138533
138547
138548
138459
138508
138527
138560
138569
138572
138576
138580
138582
138620
138622
138639
138592
138613
139326
139907
139945
139959
139964
139994
140039
140062
140035
140174
142398
142410
142413
142414
142416
142420
142431
142462
142474
144227
144413
144418
145909
145939
146743
146785
146827
146844
146845
146690
146856
146887
146896
146929
146884
147644
148824
148979
148983
148964
148981
149034
149148
149169
149780
149786
149795
149801
149805
149822
149827
149842
149844
149849
149866
149877
149893
149903
150309
150312
150319
152005
153023
153081
153062
153079
153103
153147
153155
153188
153193
153198
153210
153214
153216
153237
153170
153291
153350
153374
154332
154348
154375
154382
154404
154430
154432
154439
154441
154448
154343
154417
154462
154471
154473
154478
154490
154505
154515
154549
154566
154570
154574
154595
154502
154532
154575
154608
154620
155952
155927
155946
155960
155975
158018
158039
158052
158627
158664
158824
158673
158678
160815
160847
160849
160945
160963
162113
162146
162132
162143
162153
162154
162158
162173
162181
162184
162190
162210
162217
162219
162225
162226
162239
162280
162205
162301
162311
162283
162739
162749
162839
163583
163722
163737
163767
163916
164006
163950
164327
166249
166256
166264
166276
166449
166581
166630
166672
167528
167866
167961
168409
170043
170154
174141
174150
174155
174140
174201
174204
174208
174212
174229
174240
174303
174308
174316
174324
174243
174335
174344
174347
174349
174386
174389
174397
174333
174341
174356
174506
174508
174734
174737
174783
174789
174861
174909
174847
174928
174946
174957
174962
174963
174965
174970
174991
175016
175035
175044
175065
175075
175114
175145
175281
177687
177693
177694
177726
177744
177779
177791
177821
178824
179309
179324
179328
179352
179378
179583
179587
179597
179599
179668
179683
179695
179707
179710
179711
179713
179718
179730
179958
182372
182520
182522
182527
182528
182534
182536
182537
182746
182797
182800
182801
182841
182769
184599
185462
185737
185758
187685
187701
187893
190079
190385
190391
191011
192173
192314
192736
193295
193939
194365
194457
194594
195548
196965
198106
198445
198465
199029
200192
200479
201177
201195
202744
203388
203678
141257
141289
141745
141782
141789
141988
142406
142424
142429
142452
142459
142466
142458
144149
144160
144403
144408
145921
146061
146050
146215
146482
146837
146870
146892
146907
147289
147564
147628
147641
148969
148975
148968
149064
149175
149052
149735
149740
149761
149770
149785
149829
149851
149856
149864
149896
150017
150211
150263
150299
150301
150331
152930
153010
153047
153049
153068
153069
153075
153106
153117
153121
153122
153148
153160
153200
153270
153295
153306
153307
153320
153360
153364
153349
154020
154378
154388
154395
154408
154416
154421
154450
154466
154469
154497
154504
154511
154540
154541
154560
154562
154498
154516
154604
155967
155943
155964
155987
156420
157671
158019
158022
158057
158203
158654
158655
160820
160836
160843
160898
160939
161368
161518
162137
162140
162145
162147
162148
162166
162167
162169
162174
162242
162255
162276
162200
162241
162286
162649
162730
162755
162834
162850
163062
163064
163077
163251
163742
163760
163770
164021
164028
164439
165671
166228
166669
167685
167839
168281
170012
170038
170095
170229
170838
170839
171330
171910
174158
174185
174154
174171
174178
174179
174182
174221
174228
174241
174242
174253
174255
174265
174267
174275
174298
174315
174345
174357
174400
174459
174374
174525
174724
174730
174781
174790
174820
174891
174906
174907
174919
174837
174927
174936
174938
174941
175036
175067
175009
175137
176115
176648
176683
177661
177667
177683
177737
177761
177763
177786
177803
177811
177876
178005
179284
179296
179299
179304
179337
179348
179372
179382
179397
179588
179650
179660
179662
179669
179675
179697
179731
179725
180378
181522
182049
182202
182314
182363
182542
182551
182687
182751
182738
182745
182754
182757
182764
182832
182835
182848
186507
189823
189826
189830
190401
191245
192066
192179
192186
198148
198156
198439
198462
199130
199670
201161
203399
203669
141784
141786
141802
141806
141763
142421
142423
142428
142438
144199
144397
144422
144883
145912
145915
146031
146196
146656
146684
146849
146876
147572
147627
147667
147616
147621
147973
148971
148977
148984
149751
149754
149769
149811
149820
149826
149833
149848
149855
149859
149860
149861
149911
150016
150293
150298
150313
150283
153016
153027
153056
153064
153073
153024
153066
153092
153099
153105
153109
153113
153140
153158
153178
153206
153238
153221
153273
153275
153279
153282
153292
153310
153334
154356
154387
154393
154440
154444
154446
154451
154459
154460
154474
154486
154493
154517
154556
154561
154581
154587
154591
154598
154544
154548
154564
155838
155838
155940
155971
155977
155980
156000
157694
158040
158025
158199
158650
159307
159678
160812
160821
160830
160844
160856
160867
160877
160883
160956
161066
161793
162122
162125
162176
162185
162197
162211
162216
162243
162251
162155
162191
162267
162299
162308
162312
162640
162658
162634
162833
162845
163178
163324
163730
163732
163996
164227
164279
164298
166270
166567
166638
166691
167989
168283
170033
170041
171835
174139
174168
174156
174215
174217
174237
174247
174284
174299
174304
174306
174311
174187
174317
174322
174334
174352
174355
174368
174379
174390
174411
174472
174516
174524
174552
174731
174776
174833
174883
174898
174903
174912
174943
174979
174997
174999
175012
175021
175023
175028
175039
175062
175078
175142
176652
176659
176695
177739
177748
177764
177769
177814
177816
177819
177824
177826
179271
179305
179317
179326
179332
179360
179364
179366
179394
179396
179576
179578
179580
179584
179598
179623
179628
179647
179652
179653
179671
179677
179701
179704
179705
179720
179854
180173
182038
182356
182395
182514
182549
182743
182744
182772
182778
182802
182840
182849
182792
183189
183530
185379
185385
185418
185656
185660
185764
185807
187022
187319
187811
190077
190389
190397
190410
190420
191730
192043
192055
192804
193007
195550
195793
195878
195799
197628
197586
198132
198247
198447
199127
201203
201501
202786
203661
141351
141771
141776
141804
141809
142399
142400
142402
142417
142419
142426
142439
142435
142551
142465
143396
144385
144789
144797
145919
146042
146769
146773
146797
146805
146842
146800
146802
146859
146881
146889
146868
147643
147658
147660
147672
147670
148957
148963
149017
149023
149028
149031
149162
149755
149779
149791
149792
149798
149789
149850
149858
149869
149913
149919
149923
149930
149998
150007
150274
150292
150294
150296
150282
150286
150318
150430
153025
153026
153058
153013
153150
153179
153201
153228
153241
153259
153286
153301
153314
153329
153278
154352
154371
154422
154467
154514
154523
154527
154533
154567
155916
155992
156005
156006
158017
158020
158021
158031
158028
158160
158632
160005
160811
160818
160833
160835
160840
160854
160863
160873
160911
161371
162114
162118
162127
162130
162150
162195
162248
162249
162220
162285
162289
162294
162306
162737
162853
162836
163057
163070
163090
163046
163278
163301
163288
163489
163628
163731
163735
163762
163774
163904
163924
164360
164311
164414
166230
166262
166253
166578
170024
171293
171322
174142
174143
174167
174173
174177
174186
174189
174190
174192
174196
174205
174206
174211
174219
174224
174226
174239
174250
174254
174301
174326
174181
174425
174504
174725
174732
174832
174901
174923
174929
174930
174952
174960
174983
175017
175020
175033
175047
175053
174931
175070
175102
175134
175245
176644
176665
176687
177654
177655
177656
177684
177730
177743
177773
177774
177784
177989
179307
179314
179318
179367
179380
179402
179405
179581
179582
179615
179600
179655
179706
179723
180102
181336
182056
182378
182543
182548
182737
182795
182808
182843
182844
182847
185412
185600
185736
185826
185750
187699
189160
189190
189819
189836
190853
191217
192385
193240
193291
193299
194456
194905
196960
197810
197981
198469
199999
200477
141359
141753
141768
141774
141781
142403
142411
142433
142450
142456
142477
144379
144380
144414
144415
144392
144401
144447
145911
145916
145930
145933
145935
146791
146822
146841
146894
146911
147558
147560
147617
147630
148124
148950
148966
148967
148976
149020
148952
149749
149759
149762
149771
149772
149800
149816
149814
150002
150013
150279
150281
150288
150326
150449
153018
153050
153133
153134
153168
153131
153323
153326
153344
153354
153381
153619
154337
154361
154403
154411
154423
154425
154434
154447
154412
154506
154531
154534
154543
154552
154555
154563
154569
154572
155928
155932
155936
155949
155957
155962
155968
155969
156092
155944
158015
158045
158660
160826
160872
160841
161160
161374
162139
162149
162162
162164
162192
162196
162207
162172
162202
162261
162288
162371
162638
162643
162712
162732
162743
162751
163040
163083
163086
163097
163261
163313
163727
163729
163740
163766
163901
163953
164004
164010
164015
164319
165523
166220
166222
166240
166242
166268
166284
166345
166527
166615
166661
167894
170028
170159
170227
170845
173130
173897
174146
174148
174153
174159
174160
174161
174163
174164
174157
174175
174194
174197
174200
174203
174225
174259
174323
174184
174220
174343
174351
174361
174373
174407
174416
174445
174528
174728
174771
174750
174795
174811
174857
174889
174892
174895
174910
174845
174935
174972
175002
175005
175008
175010
175055
175069
175083
175139
175140
176639
176661
176690
177652
177666
177721
177723
177818
179281
179312
179343
179383
179384
179573
179595
179646
179666
179654
179665
179673
179680
179690
179700
179716
179722
180169
181517
182053
182385
182400
182530
182544
182545
182690
182834
182839
182760
184429
185152
185337
187695
187897
187913
190074
190103
190381
192127
192387
195549
196933
198436
198303
198450
198459
200378
201162
202408
203644
141794
141812
142405
142408
142412
142425
142430
142434
142436
142460
142454
142482
142470
144157
144409
144390
145922
145936
146035
146063
146028
146218
146732
146783
146832
147639
147661
147688
147678
148955
148962
148973
148980
148951
149058
149063
149729
149756
149765
149768
149788
149793
149796
149810
149841
149815
150268
150291
150307
150311
150322
150324
150302
152736
152998
153029
153032
153043
153044
153059
153077
153084
153028
153040
153091
153132
153144
153163
153226
153227
153233
153093
153125
153253
153255
153316
154399
154413
154414
154420
154435
154436
154405
154445
154454
154455
154456
154464
154465
154475
154480
154481
154520
154525
154528
154530
154537
154545
154576
154586
154472
154553
154617
154626
154613
155675
155918
155919
155930
155933
155937
155954
156013
158012
158638
158644
158670
158675
159731
160893
160951
160966
161027
161802
162134
162135
162157
162159
162165
162170
162201
162206
162212
162221
162235
162238
162268
162274
162224
162317
162662
162707
162702
162734
162865
163084
163092
163095
163071
163486
163623
163633
163721
163724
163908
164000
164023
164228
164288
164304
165438
166537
166600
166607
167561
167905
170947
171342
174169
174170
174174
174193
174202
174218
174222
174227
174231
174256
174262
174264
174289
174309
174325
174195
174257
174283
174380
174406
174420
174527
174529
174805
174816
174827
174840
174921
174926
174933
174934
174959
174975
175003
175049
175076
174988
175040
175092
175110
175135
175132
176656
176672
177621
177732
177734
177767
177775
177783
177883
179293
179303
179316
179335
179341
179345
179358
179369
179275
179283
179395
179406
179593
179604
179616
179617
179625
179648
179651
179656
179685
179659
179674
180179
182519
182526
182516
182691
182758
182759
182763
182768
182776
182798
182809
182836
182842
185383
185452
185641
185742
185744
185753
187062
187068
187791
190071
190413
190942
191361
191620
192141
192158
192191
194897
196931
198284
198306
198452
199997
200350
141778
141799
141992
142409
142418
142422
142437
142441
142447
142455
144225
144388
144405
144384
145920
145927
145934
146058
146213
146362
146650
146740
146839
146848
146855
146899
147623
147624
147634
147635
147646
147651
147653
147656
148834
148959
149174
149787
149752
149817
149824
149846
149852
149873
149891
149865
149884
149907
150006
150020
150264
150270
150277
150295
150305
150306
150308
150328
151430
152753
152999
153001
153005
153006
153014
153021
153033
153034
153039
153052
153057
153065
153074
153088
153020
153096
153100
153115
153119
153130
153218
153239
153248
153257
153262
153271
153296
153302
153335
154383
154385
154406
154407
154419
154426
154437
154453
154458
154512
154524
154539
154547
154485
155867
155923
155942
155958
155996
156010
158024
158036
158061
158049
158668
158819
160260
160838
160861
160824
162110
162161
162180
162183
162188
162215
162234
162237
162246
162257
162270
162151
162177
162654
162843
163087
163772
163913
163920
164025
163994
164713
165316
166212
166234
166246
166570
169729
170031
170076
170148
170164
170171
170842
171880
174135
174149
174162
174138
174145
174172
174188
174214
174263
174274
174278
174296
174319
174358
174392
174403
174495
174521
174547
174487
174834
174852
174855
174869
174940
174948
174956
174964
174968
175026
175064
174945
175087
175130
175147
175116
175246
175416
176130
177641
177674
177690
177695
177735
177736
177741
177758
177679
177760
177772
177804
177807
178712
179269
179330
179340
179356
179278
179407
179585
179591
179603
179614
179620
179663
179698
179729
179664
180171
182205
182357
182387
182390
182521
182531
182540
182725
182726
182727
182728
182730
182731
182735
182736
182739
182748
182752
182789
182804
182806
182830
182845
182791
183537
185468
185748
185756
186517
187682
188061
189873
190073
190425
191239
192007
192058
192119
192419
193302
193309
195747
195813
198102
198440
198446
199032
199963
199969
200355
200567
201202
202401
202747
202773
203650
141396
141759
141761
141791
141749
142397
142404
142443
142444
142457
142463
143395
143558
144393
144396
144400
144410
144411
145931
145928
146045
146047
146764
146789
146780
146793
146866
146879
146851
146873
147028
147295
147633
147648
147649
147666
147632
148714
148992
148949
148987
149056
149763
149764
149778
149783
149774
149781
149797
149819
149883
149900
150010
150273
150285
150314
153003
153009
153011
153017
153036
153060
153080
153083
153085
153087
153094
153112
153120
153127
153137
153138
153196
153204
153232
153240
153244
153152
153357
153987
154367
154392
154429
154442
154427
154483
154489
154494
154508
154519
154521
154536
154550
154557
154565
154568
154590
154507
154577
155921
155939
155973
155982
158657
158666
158677
160819
160808
160817
160827
160828
160905
162141
162179
162208
162229
162230
162245
162262
162271
162187
162290
162297
162304
162316
162746
162842
162862
162741
163037
163050
163606
163612
163617
163669
163765
164269
164331
164337
164856
166544
168113
170011
170083
170102
170134
170035
170847
170967
171354
171831
172111
172928
173698
173902
173921
174137
174151
174176
174180
174198
174207
174213
174238
174251
174258
174312
174313
174320
174234
174246
174328
174338
174383
174415
174467
174348
174535
174736
174843
174871
174878
174897
174913
174916
174874
174951
174994
174996
175031
175056
175071
175077
175072
175095
175121
175122
175125
175138
175141
176633
176668
177647
177676
177727
177766
177780
177787
177847
177809
177815
179273
179310
179325
179355
179374
179376
179386
179387
179391
179399
179592
179657
179658
179676
179678
179682
179686
179687
179689
179694
179724
179696
180371
182204
182360
182368
182724
182740
182742
182749
182765
185150
185488
185637
186987
187521
187895
188963
190075
190417
191202
191250
192048
192134
192151
192164
192391
193306
193440
194452
196485
198133
202752
203672
204513
205914
210624
210780
211814
211824
213006
213458
215144
217776
218756
220566
221230
225728
227612
227716
228804
231008
232542
234833
234936
241440
243091
243111
245099
245974
246589
248415
249315
250112
250422
250427
250914
254308
204183
204351
207324
208504
208593
211131
214221
214551
215136
215720
216826
219971
219979
220184
222874
223066
224322
225063
225741
225841
226461
226781
229215
229850
230120
234861
234948
234975
236691
240002
240590
241859
247663
251398
251403
251406
251525
252950
253612
254295
204131
204347
204348
204536
204804
206411
206429
207294
211385
212998
214095
215599
215606
216383
217225
217238
219821
220870
221033
221229
221236
223033
224756
226763
228818
231192
236654
237680
239222
241127
246592
246593
248695
248880
249605
252449
206421
208606
208939
211181
211134
211840
211895
215526
216630
216990
225051
225619
225621
226936
229503
230229
230956
237537
245081
245601
246216
249833
250419
256330
204532
206335
210357
210626
212316
217491
220069
222443
225638
228052
228216
231177
231304
237193
240110
242609
244996
245574
251507
252453
255079
255083
255121
204218
207327
207855
210727
212281
214223
214824
216236
218075
219156
221192
223083
225620
230328
231109
231643
232704
232881
234523
234767
234823
235535
235535
238416
238537
240108
240579
241138
244767
245934
249615
255686
204368
206767
207254
210883
211511
213652
214060
215117
215535
215583
216645
219618
219826
219974
221457
223218
224827
226777
228169
228881
232013
232261
232766
233589
236764
240595
241694
243405
243602
245086
245394
246222
249695
251199
256121
204338
207808
208732
211819
211849
212274
212419
215707
215945
215951
217178
221243
223037
223074
223202
223221
223755
224753
225751
228812
230058
230225
232877
232916
232930
233572
233576
233594
235515
239065
242776
244993
249690
251062
253593
260680
261205
269218
273303
279616
279653
280452
281077
284090
289183
291542
300966
301230
302948
307601
259790
260678
269393
269400
269842
271746
271947
274169
276584
278470
280363
283705
284311
286670
287406
297232
300992
301802
257896
258493
260271
261201
265601
269389
272129
274163
274291
277032
279627
280344
283841
284097
284872
291567
300274
301577
304214
308992
257097
257761
258318
259558
262435
263510
263551
267973
277190
278515
279599
281009
284313
284335
284346
287187
291131
291177
291543
292002
297988
299157
300973
301721
302478
308294
309654
257324
258162
259045
259630
260656
261661
262053
269831
271587
277194
280331
283564
287189
288885
291158
291182
291200
291999
292080
299718
306495
309021
257076
257098
257753
260255
266142
266498
269837
270876
273471
277200
277961
278522
278471
280210
283177
283236
286469
286673
289291
298042
298536
299712
303992
257585
258169
258634
261613
268450
269606
270894
271932
271985
277218
280456
283126
283190
283775
284116
288579
289644
297050
299694
301053
301232
307182
257103
258174
265196
269795
269846
273902
275298
275714
277534
278507
280342
281748
283185
283706
284342
296801
303995
304677
304948
312434
315497
316132
316151
317506
319497
320736
326209
328560
330047
336719
346265
349289
349655
353672
360543
364609
310707
312438
315492
317260
318823
322216
323191
324791
326653
334591
338820
341356
341826
342936
348440
359793
360128
360487
364731
365060
310726
312653
313973
318831
319478
322229
329201
335642
338887
352088
356766
360022
362505
362884
368046
310871
311138
311939
311939
314105
316176
319493
323534
331714
336168
337599
338189
339360
341360
345677
348673
349313
349304
349329
359086
364446
364630
365082
366689
367934
312430
312694
313645
314570
315962
316148
319117
319495
319598
326210
327765
336176
336992
340399
341352
344569
351120
356570
366551
367931
310718
311134
312913
315345
318326
319498
319499
324749
327525
329225
332396
332424
333004
333011
344550
348676
350501
359326
360121
361246
361808
361879
311321
312894
314240
314757
314784
315247
318827
319485
320069
320348
323582
324258
339280
339626
341562
347602
347926
349254
359539
363609
368030
312120
319096
319181
320841
322632
324743
325499
326759
342536
344620
346493
352184
358382
358486
360106
366091
367926
371036
371227
376911
376916
380112
386284
387765
412464
413668
417118
417122
417493
419717
425782
427071
428755
431486
371173
375963
384766
384771
390380
397204
412875
416527
418795
419986
426969
428921
434156
434346
368743
372256
375951
378188
384050
387147
387236
390359
393138
393662
402119
402433
412887
417125
417498
417886
428516
428974
433400
370007
384517
388663
404869
411916
417131
417884
421408
424232
433902
369333
371170
384486
385727
389130
392402
395907
406083
406287
410222
412448
413869
414430
426967
432456
374684
377787
384824
394468
394691
397210
398911
404110
404557
404770
408380
412863
413766
415282
418058
419936
427058
428495
428513
375882
375971
384276
384479
384483
386261
389924
398914
403463
404054
404424
404452
405814
407046
413662
414855
415507
417889
421404
421740
426863
371169
375140
381870
389785
392382
398423
400743
403453
403472
404046
406637
408884
410070
416435
425828
429573
431553
443014
451386
465794
466978
468769
468769
481362
490088
490064
490609
492260
503085
446622
446645
451870
468722
486223
493062
496828
503319
435602
445434
446632
446636
446641
446912
457201
463234
463974
464172
468283
468578
470510
472445
473623
487721
492398
496019
502627
502783
503204
443640
445551
446536
457191
461445
461450
461964
464165
466167
468571
478844
479781
482542
483022
489909
492347
494499
440815
443452
445440
461151
462459
474011
479727
484017
486824
490511
491544
502002
439654
440867
442024
446649
449591
454723
466297
468673
475640
477746
490091
490520
492459
446660
447174
449311
449315
454545
457177
458772
460857
468851
472188
475481
490542
492435
498513
501143
503374
436300
436493
437598
438281
446626
449819
450739
454532
457183
468677
479079
482200
486963
489875
490699
493034
493986
506053
507422
509094
516299
525375
526523
530322
535459
535459
535459
542127
545570
547975
552843
554749
557532
504162
508901
510442
514249
515580
520612
548738
559929
520266
522733
526516
542084
545517
555189
557427
520326
520673
526049
527689
529207
531759
540205
549567
550611
552337
508875
527455
538129
539214
541174
543424
546782
550310
552172
555824
507234
512539
525874
526011
537543
541603
546471
559780
504810
513043
525412
531793
536814
541611
555834
557666
560880
504092
508570
515060
520684
525295
538084
552340
555312
558822
562067
564586
565998
572893
591933
593390
615852
632259
657056
566459
568206
572176
591094
623702
642341
642349
591923
592027
593491
615829
621015
636591
654081
562948
566825
594559
596697
604092
613516
622653
623182
562721
563441
563985
565111
566072
568128
576370
588458
592073
592174
592276
592460
593399
615373
615841
621846
633347
654820
571184
584522
615881
625085
649225
563444
563832
568304
581431
581718
591798
596732
604088
614160
615821
623120
637400
640012
650144
652362
562373
563250
564345
568187
578535
578973
589620
591909
602313
608198
628829
751604
755541
780940
701432
753067
695694
707444
722182
683607
787141
790764
787760
754880
658558
707039
787626
726715
732550
745112
726752
758679
692882
755459
781470
780930
762855
746310
747261
660998
797834
752835
742949
746708
757771
754931
751638
691223
724239
664345
740970
708126
723835
746666
709807
751579
772329
680124
663327
713159
747069
746437
715999
748861
748616
746323
787517
692853
752929
745684
748463
768928
746376
782461
746685
772301
788536
764978
726728
752314
777172
661043
664330
694310
666043
752093
785222
748473
787767
785950
707320
726723
661550
747022
755274
696209
723253
794508
746722
746670
713168
746438
752655
757458
679261
695715
745669
692338
681526
752873
792813
752600
664335
780809
748910
769158
740921
746258
725310
745627
677943
681105
752757
692908
781463
759307
835909
822422
799598
801700
800548
952154
957470
827030
802080
813948
819300
860568
928622
926177
854957
919866
812918
963782
834112
914412
819162
949376
864358
854260
809415
928478
924384
916156
887634
863998
839559
813997
926192
845350
859340
840526
925289
940011
838775
875031
834555
904115
904115
840556
822812
954979
908489
810928
845356
821958
906014
951160
868199
908349
924527
819114
822722
852116
957466
875033
865480
813327
925282
800547
996432
1208852
1003957
963783
1091283
1210755
1075562
998043
970409
1068915
1003964
988500
1045539
1031625
1061878
1061998
1081485
1058374
1052217
1178705
1022054
988456
1025008
1149673
1018981
1015902
997202
999903
1005350
967400
1067418
1210483
1210483
988501
981898
1060667
1113063
1052882
1053893
981896
998057
1100603
1192244
975307
1186265
973011
1081832
1035826
1005351
1058373
976924
1101797
981897
1083251
1055488
998088
1100627
1074415
1407624
1501761
1501761
1406968
1479193
1347363
1441168
1519763
1519763
1355874
1418494
1317633
1493340
1493340
1276103
1513484
1327202
1258486
1549980
1365017
1523464
1311184
1249543
1285041
1309364
1311826
1333058
1306035
1544409
1373648
1363014
1482581
1287084
1410689
1293746
1477347
1366587
1341622
1641783
1711165
1670255
1670255
1760823
1664137
1709662
1779797
1581192
1576049
1664138
1621479
1890140
1623515
1621472
1593102
1667665
1711503
1576054
1736827
1732898
1729674
1917699
1623514
1719480
1644581
1621471
1783239
1680297
1908909
1576051
1851733
1800924
1711162
1581187
1680292
2097863
2143034
2210599
2210599
2392146
2045747
2166528
2071804
2112878
2334691
2097844
1415009
2162357
2162357
2210614
2210614
2102297
1976501
2297493
2097846
2230846
2230846
2149068
2029741
2319394
2097862
2231123
2231123
2278821
2210613
2210613
2210610
2210610
2097864
2218914
2218914
2348477
2348477
2251798
2231135
2231135
2193013
2210616
2210616
1977692
1985458
2210612
2210612
2051015
2210600
2210600
2119773
1969273
2176951
2362881
2281764
2076644
2115791
1980029
2286118
2338306
2338306
2025987
1976511
2115789
2297509
2004219
2142460
2210597
2210597
2018599
2163717
2246141
2358522
2334896
2341629
2299563
2147437
2201986
1998794
2369793
2196118
2009008
2331403
2093791
2210596
2210596
1994935
1985661
2182294
2163607
2375553
2235406
2119775
2688452
2452703
2452703
2492531
2534584
2612780
2536445
2536445
2536445
2536445
2421273
2480694
2675981
2517651
2829463
2624749
2337179
2337179
2507500
2726485
2627181
2510537
2674744
2660920
2493070
2718829
2505402
2500165
2824171
2524682
2492520
2427131
2467831
2674766
2777537
2575630
2505398
2564353
2433975
2751821
2750415
2578281
2578281
2492518
2888498
2888498
2888498
2674277
2674277
2645572
2645572
2534377
2561733
2492590
2822645
2888497
2500191
2463196
2674260
2595728
2430108
2750749
2757387
2612781
2804190
2492569
2707912
2492525
2534378
2490993
2492523
2624752
2526858
2502597
2465563
2750752
2935848
3428792
3139659
3030985
3030372
3165371
3016526
3108566
3402995
3418292
3405834
3096961
3031007
3428790
3031016
3022695
3181456
3181456
3133486
3133486
3133486
3133486
3213167
3054498
3289293
3378227
3514500
3181455
3181455
2933301
2933301
3030984
3030978
3487125
3487125
3161531
3390404
3208898
3533906
3095897
3523594
3015644
2994416
3040117
3530645
3096959
3050273
3161630
3199735
3199735
3199735
3199735
3026885
3533907
3523590
3523596
3523596
3520860
3362400
3001322
3402996
3077301
3236320
3165347
3349460
3144829
2939009
3165348
2957098
3142943
3299629
3533867
2903656
3054495
3299630
3523141
2922267
3267880
3369449
2930345
3030996
2971831
3070387
3040132
3267881
2933302
2946007
3031018
3373424
3474087
3035141
3031001
3388402
3378228
3378228
3404588
3126937
3008502
2897241
3026884
3349771
3373122
2982748
3112290
3261292
3083963
2994431
2960519
3225958
3896045
3688160
3688160
3688160
3801673
3642248
4370907
4226462
4112803
3896044
3946570
3982805
3662391
4128627
3827677
3827677
4027347
3722195
4265369
3827707
3827707
3827707
4138173
4251022
4020375
3883642
3735563
3676747
4226611
4251021
3815022
4012140
4012140
3611913
3693307
3693307
3946569
4181910
3887949
3987624
3709488
3724447
3883653
4317315
3962625
4251255
4146596
4081199
3834921
3761522
3569373
3701904
3599453
3779390
3913154
3876028
3845782
3883660
3717213
3946563
3642249
3724437
3815046
3779382
3636464
4018009
3827678
3827678
3827678
3720608
3671970
3606786
3946330
4055803
3913157
4055894
3671971
3840198
4004760
3717210
4231760
3652761
3603237
4012158
3954657
3611928
3788317
4331660
3586984
3586984
3846035
3819953
3568472
3839261
3717484
3736682
3556419
3954658
3954640
3779381
3811783
3986905
3801674
4749049
4377497
5260625
4914922
4385771
4791712
4385755
5286885
4516214
4407133
5331748
4746574
4742777
4945000
4945000
4955803
5054360
4385811
4397754
5186971
5078001
4648716
4648716
5105218
4696712
5061707
4702227
5039249
4540721
4771465
4385726
4912011
4955811
5260458
4702228
4702228
4741849
4465694
5112523
4946895
4727981
4957654
5290578
5253917
5098529
4569758
5338604
4944998
4944998
4946935
5004369
5253916
4727713
5049277
4858620
5201170
4902572
4902572
5138318
4652136
5286954
5161651
4426166
5098467
4734166
4974939
4799511
4604007
5243278
5243278
4665224
4585053
4585033
4734118
4794812
4672656
5250135
5303169
4688919
4730396
5029322
4617053
4924546
4449869
5250151
4541872
4475381
5339043
5263975
5306250
5996214
6177062
6141429
5795570
5881923
5801921
5864408
6177002
5846869
5350082
5350179
6142275
6085057
6169116
6202245
6202245
5578278
5708570
5708570
5350963
5596175
6017951
5967077
5967077
5996129
5649766
5832721
6176674
6142978
6142265
6127143
6199283
5894468
6156918
6156918
5633639
5991152
6191866
6016441
5843070
6177211
5551762
6025427
6142286
5865465
6176804
5864879
6064624
6141478
6135580
5820703
5761253
6176705
6176730
6176886
6146425
5949107
5821684
6176798
6202369
6202369
6156920
6156920
5875128
5864951
6037704
5343961
5343961
5343961
5343961
5343961
5343961
5343961
5488680
6141412
5844861
6017089
6202177
6202177
6202267
6202267
5846850
5375941
5865070
5865261
5586810
5917337
6156897
6156897
6202198
6202198
5998035
5929472
6131514
6016438
5697584
6176870
5488643
6202274
6202274
6156865
6156865
6156908
5409685
6176830
5842969
5795252
5754516
6202266
6202266
6157609
6167285
5825630
5612275
5996373
6016466
5351013
6156904
6156904
6202299
6202299
6202316
6202316
6202211
6202211
5998011
6036268
6143032
6131484
5758235
6142282
6121543
5548180
5697586
6142284
5852968
5636738
6167248
5445195
5942448
5795380
5427646
5849574
5440576
5996335
6174085
5759530
6176648
6212466
6017081
6106949
6106949
6202277
6141438
6131503
6092453
5369613
6157901
5575976
5385120
5821710
5900511
6053529
5633710
5662237
5821687
6147526
6202254
6202254
5829462
5375932
6202342
6202342
5839896
5865125
5678236
5380486
5722896
6141493
5665960
6176965
5725459
6069083
5808310
5662236
5967046
5967046
5573410
5875011
5633709
6206358
6025414
6154420
5942410
5999435
6033592
5935385
5811804
6202252
6202252
