6614215
6581397
6585642
6721468
6568714
6714016
6656581
6614215
6686726
6686726
6669668
6653108
6237879
6581398
6607428
6568714
6456465
6237879
6587095
6721468
6714016
6529584
6656581
6600875
6452817
6607428
6585642
6587095
6607484
6529584
6584693
6452817
6600875
6456465
6584693
6581398
6653108
6686726
6686726
6714016
6721468
6714016
6721468
6714016
6721468
6656581
6686726
6686726
6714016
6721468
6656581
138671
126650
30237
28562
15434
14244
10655
154345
148119
148115
245585
221192
304214
304214
297232
366710
349649
346012
342545
314387
404723
404723
402720
402714
382198
370320
503215
501909
501909
469555
469555
467393
461753
461691
461691
445785
554763
554763
522360
562373
562373
775437
748690
746643
717635
717635
707975
707320
707320
691219
691219
666325
954979
954140
824849
1141824
1013924
1013924
1916537
1917289
1726739
1970011
2059315
1970011
2689905
2713589
2777537
2777537
2465594
2628883
2628882
2438106
2438106
2500165
2622575
2639492
2500165
3261292
3187804
3042694
3261292
3030372
2973903
2945985
3568472
3568472
4475868
4540721
5273193
4475868
5996332
5996332
5722896
5725459
6120720
6053670
5778187
5754516
5924624
5924624
6053670
5864879
5778187
6120720
5829666
5649766
5864935
5784853
5722896
5829666
5825582
5825582
5795380
