6575692
6380424
6669650
6597657
6597657
6669650
140004
139010
138758
138750
138722
137881
136292
135820
133346
129189
129179
129106
129103
126615
126591
125928
125204
125197
124541
124533
123885
123879
123319
121988
121351
119136
116870
116627
116203
116190
115141
113868
108073
106379
105527
102779
100358
93632
87753
87741
87239
86000
85134
83512
83409
80759
78883
78864
78857
78846
77370
74870
74869
74838
74827
71085
71065
68293
68262
68257
68256
68249
68244
67403
66534
66368
63030
60883
60881
60875
60873
58606
57983
56262
54983
54916
54218
54023
51377
49927
49917
42634
39397
38903
38629
38149
38146
38081
38076
36632
36624
33844
26452
16265
6913
203580
203575
198317
196529
196523
195892
193930
193924
193890
192764
191846
191835
191730
191620
191141
191134
191122
189678
189373
186490
184649
184220
184195
183530
183474
181003
180937
180214
180211
180203
180198
180194
180191
178592
177845
177759
177751
174689
174685
174261
173166
173020
172521
172517
172512
172510
172507
172503
172073
172070
170477
170473
168671
168668
167685
167680
167442
167435
167434
167430
167425
166750
166744
166706
166697
166689
166686
166602
166590
166580
165578
165456
165053
165043
165042
165037
165028
164369
163190
162860
162859
162856
162852
162039
162035
161999
161993
161987
159518
159431
158141
157611
154658
154585
153399
153382
153373
152730
148092
148084
146396
145794
144505
144416
144399
143671
143669
143666
142584
142579
245667
245650
245622
245612
244914
244838
244834
242819
242815
242812
242805
240460
240419
240414
239220
238677
236669
234860
233893
231856
231856
231253
231247
231162
231148
229758
229313
228895
228880
228677
228669
227621
227616
226119
226040
226036
226006
225838
223296
223292
222955
220994
220932
218130
217126
216080
215486
215010
212939
211934
211926
211906
211904
211885
211531
211519
211513
211511
211509
211508
210683
210682
210679
210676
209951
209794
209788
209778
209767
209679
209670
209661
209653
208732
207871
207348
206572
206504
206426
206414
206404
206376
205056
205051
205041
204192
309017
307733
303815
297050
289583
285740
285740
275082
258999
353675
339860
335987
335987
335642
319694
428111
417499
409069
389785
377490
375944
375479
374564
492790
490113
489875
480780
475651
470510
463523
451791
443018
435594
548781
548781
548781
547133
546778
654820
648662
600073
573657
781454
754832
748910
732528
723817
954985
928622
899937
819746
800616
800555
1669419
1766950
1766950
1976503
2009029
2222963
2341597
2341596
2490993
2708456
2622560
2650823
2755938
2873438
2490993
3095897
3269181
3269181
2994416
2994416
4296470
5445101
5996335
6154420
5597788
5821949
5996335
5662237
5801921
