6730886
6533466
6732140
6275663
6559362
6576687
6728880
6275548
6311657
6498449
6730891
6716958
6360582
6732214
6734621
6739590
6631955
6723013
6575670
6669446
6742558
6685088
6247063
6572184
6533467
6725178
6375733
6395062
6395062
6716960
6730457
6741275
6494780
6747678
6705716
6716777
6275764
6629699
6739576
6685611
6584653
6337900
6723023
6727537
6271188
6643555
6348976
6574911
6728755
6574800
6736822
6724161
6669587
6741260
6575668
6734648
6568714
6439143
6574893
6728702
6714016
6741146
6739572
6741238
6275850
6745426
6666640
6745835
6571985
6378474
6721468
6584830
6498189
6456465
6572362
6744551
576
784
733
2020
2745
6902
10439
10487
10792
11159
12033
12040
12088
13060
7812
7831
13350
7805
14598
14599
14600
15865
16065
17139
8919
17171
17641
17711
17747
17989
18795
19143
19379
20564
21326
23029
22297
22491
23743
25093
25158
25256
25129
25445
25955
25958
26869
27110
28647
28922
28926
734
1072
2373
10040
11163
11224
11618
12738
7825
13190
13698
13917
14820
15775
16202
17159
17404
17426
9049
18556
18892
18900
19740
19741
9965
20409
20734
20735
21189
21511
21929
22731
23991
25122
25149
25156
25273
25866
26162
26493
28233
28398
28554
28648
805
1070
1322
1886
2269
5053
5246
6658
6577
6860
6854
10660
10791
10885
11199
11340
11824
12071
7806
13670
14021
14066
14818
15179
15820
16081
16709
17362
17407
17427
17649
17861
19161
19315
19672
19744
21701
22526
23519
24029
24769
25111
25697
25892
26504
696
929
2246
2263
5045
5315
5353
10490
10454
10406
11225
11327
11197
11846
11964
12039
12207
12579
12972
13069
13124
7819
7822
7815
15800
15830
16061
16664
16942
17748
17688
17773
18812
19579
19736
19745
20382
20558
21370
25098
25107
25154
25272
25893
26558
28287
28626
28645
28621
28644
1067
870
1650
2265
6332
10640
11162
11847
11948
12391
13126
13213
7830
7823
14245
14387
14433
14601
14867
14900
15088
15191
16306
17763
18557
19734
19990
20008
20273
20686
20968
21525
21922
23032
24095
25094
25270
25274
25710
25894
26171
26188
26491
26585
27318
27487
28627
28640
592
620
1324
10794
11823
12365
12536
12999
13233
7827
7811
13229
7828
7833
15042
16064
16066
16775
16977
8926
17604
17610
18540
18970
19337
19793
22528
23848
25096
25254
25454
25953
25961
26284
27445
28633
2266
6496
11254
11696
12350
13091
13146
7832
7836
13558
13567
14255
16981
17212
8918
17670
17830
18532
19606
19625
21373
22129
22130
22986
25108
25153
25157
25255
25260
25271
26718
28552
28562
28624
28641
28923
934
933
1254
2268
5039
5243
6573
10228
7156
10787
11917
12125
12259
7727
13191
7807
14033
14742
15041
15454
15805
15810
15878
16279
16750
16978
8923
8913
8929
17429
17495
17661
17669
17686
17679
17930
18539
18641
19605
19746
19861
20680
21699
21819
22116
22493
22529
24328
24533
25151
25155
25261
25951
25803
26073
26358
26279
27885
28097
29711
29996
33658
33853
35447
36016
49239
49509
30720
31877
32950
32942
32944
32951
33022
33643
33746
33779
33763
34030
34772
34846
46494
29389
29551
29756
29845
29757
30625
31386
32134
32956
33252
33910
34329
34844
42595
56254
29678
29755
29953
31263
32135
33023
33958
33991
34008
34122
34845
42440
50881
55551
58604
58605
29395
30248
30329
32137
32955
33489
33857
33855
33920
33918
34009
43947
45133
46113
55567
58371
29360
29758
31744
32535
32957
32952
33780
34882
35928
53695
56009
57674
29364
30731
31259
32494
33856
33961
33992
34007
34836
43425
44092
52017
55710
29875
30547
33777
33672
33747
33919
51633
53670
70059
73080
73200
79169
80428
80572
81146
85024
107188
110714
123099
124174
132626
132632
59785
65823
79463
79527
90367
98010
101550
111780
112956
135179
63949
70859
73204
75970
79151
80011
91838
95458
97502
112948
115714
116839
117481
125791
128344
128371
69970
79160
80433
102369
105956
105972
106611
115725
116105
117460
132619
138135
138722
61105
62648
66754
73085
76455
78850
79149
80053
80405
80425
80474
80440
84410
111748
125796
73068
74723
75653
83334
83712
86486
94239
98073
112927
115708
117464
128347
128362
133748
135727
60178
63552
71760
75962
80107
92954
98164
112963
115711
124163
128451
134204
137930
73183
77902
78599
84401
97488
97493
99251
119136
125778
146398
147170
148042
148087
148765
152005
157057
157660
157888
157904
157913
157917
157936
157937
157993
157944
158201
158245
158227
159116
161400
161837
162750
165577
165586
165603
165613
178824
182527
190079
190294
190764
194457
156367
156420
157671
157820
157862
157895
157967
157975
157981
158169
158203
158237
159117
160636
160638
161396
161413
161518
162761
163781
164433
167041
171910
176654
184340
184524
146672
156227
157818
157839
157887
157943
157972
157940
158197
158207
158232
158240
158241
161834
162640
165579
171835
174896
181495
185657
189314
190077
201203
201501
202786
149998
157826
157830
157842
157900
157948
157952
158000
158163
160603
161361
162355
162753
163786
165552
165573
165606
172301
183464
187007
190638
191217
194456
148052
148078
148084
148137
157618
157655
157870
157941
157950
157996
158003
158171
158173
158179
158149
158247
158251
160615
160632
161388
163594
165532
165567
165593
165815
165596
167894
172363
177616
181933
185152
188066
190074
140835
148008
148135
156995
157614
157810
157859
157892
157934
157987
158185
158191
158212
158229
158235
160601
160617
161392
167561
172304
177883
181003
190071
148081
150006
151430
157675
157951
157959
158137
158144
160580
160627
161404
161842
165539
165555
172296
172298
173905
176130
185658
188915
190073
198446
200567
201202
202773
150010
156377
156410
156983
157651
157828
157907
157946
158175
158194
158249
158807
159708
160585
160610
162748
163588
165526
165556
168861
182127
182546
183467
190075
191202
191250
194452
202752
205297
211824
218756
224744
224749
234537
254308
254748
205356
205622
205633
205587
213464
221687
222874
223046
224322
229850
252950
204131
205446
205592
206429
209930
248695
205429
205453
205674
211895
215685
218210
225051
225621
238495
245601
205392
205407
205441
205416
205424
205436
216830
217366
221300
228216
237500
242609
205291
205400
205411
211305
214824
218225
218972
221308
230328
234767
251753
255686
218232
221304
232013
251749
205280
205301
205275
205627
205679
208732
217843
218192
218203
223202
230058
257760
273303
278359
281077
283147
287218
288690
288741
288857
289343
289461
289510
289590
289625
289654
290698
290724
291106
291110
291122
291372
291413
291712
292154
292284
300966
302948
305548
308278
269400
276584
278371
287406
288850
288859
289021
289108
289116
289133
289156
289202
289208
289268
290120
290144
290742
290824
290829
290995
291097
291449
291522
291716
298028
298034
301086
303925
307922
309039
258493
271792
274291
278343
283841
284098
288419
288689
288709
289049
289120
289195
289504
290616
290800
290901
291302
291386
292256
296303
301040
301059
301225
303958
304116
305554
269409
274782
278351
278312
288430
288808
288829
288904
288897
289063
289652
289655
289743
290232
290749
290888
291131
291221
292137
292171
292269
296247
296320
296328
299157
301721
257091
261661
271587
287635
288877
288885
288918
288928
289026
289103
289124
289006
289146
289427
289496
289612
289622
290139
290836
291158
291200
291210
291420
292128
294958
298032
301075
303815
304108
309031
270876
278332
278341
278344
288650
288655
288730
288735
288744
288838
289137
289141
289223
289291
289420
289565
289616
289658
289695
290719
290746
290807
290893
291281
291275
291308
291395
292163
292172
292195
296251
300960
301093
303881
307919
257090
269406
271985
274773
278330
278369
283150
283775
288432
288436
288659
288685
288687
289139
289036
289110
289260
289284
289564
289621
289631
289640
290176
290363
290737
290989
291115
291243
292166
296308
301036
301053
302710
303951
304944
305153
275298
275920
277534
278287
288716
288738
288814
289089
289164
289257
289548
289576
289634
290158
290182
290693
290702
290706
290755
291404
291509
291531
291581
292239
298023
303883
304948
307723
319686
332402
334612
349289
367732
310707
314561
315060
334611
334629
348440
311304
312653
330179
334482
334631
335642
359876
314105
332405
335830
349313
359086
310334
311543
314570
334632
346506
349711
352265
354553
310718
318326
318952
333004
333011
334627
351095
359030
310456
323582
326756
334583
349649
352180
363609
312120
314238
316168
321876
327774
334390
334600
344620
358279
358382
366091
369074
386284
396308
416046
417493
375636
387850
412025
419986
434346
406309
411771
433400
377511
409737
369338
376928
395907
414430
419403
404770
406303
406638
415282
419517
423021
369508
375882
380359
386261
387511
419405
369337
370119
371181
377490
406637
408884
421639
429704
438215
443014
449156
449429
458397
469858
473543
494658
434927
449457
480781
463421
481935
449432
461964
467768
473764
492347
435241
449463
469555
469559
440798
442024
443018
449405
449436
449452
467030
490192
445373
447174
449434
452364
457177
472183
449448
461969
478189
514495
529532
547975
548781
559929
523297
540205
549238
558893
507234
517128
553574
560880
562067
563042
564586
566445
567212
591094
601342
567122
568146
654081
592143
641811
562257
565241
568128
588555
641841
571184
584522
593512
562781
563832
650144
593504
751220
780968
746755
719872
726715
726752
755459
780930
762855
757007
709431
683610
717635
743469
775588
708126
678553
709807
680124
709477
772311
745684
782461
772301
681434
697499
748473
755721
726191
746732
692846
696209
713092
723253
755915
755912
757742
748690
679261
695715
745669
751354
751425
748910
697500
746258
745627
752757
692908
835125
864359
819734
928622
914412
864358
833068
841034
799661
924384
800680
918894
831008
926192
859340
926133
912837
885238
822812
810928
845356
809254
871360
951160
863996
800818
908349
852116
875033
888600
964597
986167
1208852
1003957
1210755
1009143
1084805
1147648
1068915
1253264
978304
1210757
1210753
1013924
1061998
1081485
1081485
1133903
1253263
1186891
1160911
1192190
988456
1175744
1149665
988457
1025008
1212066
967400
1210483
1210483
1035087
978302
990652
1250467
1212067
1108813
1058373
1160908
1044914
1157910
1083251
1523468
1460392
1441168
854257
1513484
1249714
1411965
1321246
1317536
1366587
1669419
1613781
1623515
1717017
1810766
1719480
1644581
1783239
1800924
2143034
2210599
2210599
2392146
2392146
2045747
2097844
2210614
2210614
2176945
2279659
1976503
2218186
2230846
2348478
2149068
2149068
2231123
2278821
2210613
2210613
2210610
2210610
2222963
2348477
2100509
2251798
2251798
2231135
1982207
2003941
2210616
1270973
2210612
2051015
2210600
2210600
2279660
2150749
2176951
2348522
2336724
1970011
1981145
2237908
2358251
2030915
1997404
1270974
2004219
2210597
2210597
2162376
2261241
2292800
2237900
2369793
2316140
2336723
2210596
2210596
1994935
1985661
2048728
2341597
2270762
2688452
2452703
2577029
2702777
1065891
2617537
2675981
980584
2592333
2337179
2703513
2674744
2873438
2702778
2765711
2578247
2720779
2564353
2564353
2877280
2433975
2433975
2702764
2578281
2578281
2396830
2888498
2703485
2645572
2645572
2534377
2603331
2888497
2622575
2578282
2697674
2804190
2713589
2707912
2806066
2703512
2534378
2829585
2617539
2703486
2465563
2628882
2935848
3487103
3108566
3487123
3487123
3405834
3096961
3031016
3133486
3213167
3378227
2933301
3134127
3030982
3030978
3487125
3487125
3208898
3208898
3170177
3530632
3032437
3530618
3096959
3199749
2933318
2933317
3124903
3429613
2938986
3199735
2987556
3523590
3523596
3520860
3236320
3349460
3030268
2943689
2903656
2930345
3030996
2971831
3070387
3530889
3429612
3345650
2933302
2933302
3031018
3035141
3031001
3378228
3378228
3020593
2897241
3349771
2941476
3346951
3533089
2960519
3896045
3896045
3642248
4174312
3896044
4020375
3950823
3883642
3883642
3676747
3993362
4012140
4012140
4012140
3677107
3611913
3709488
3679657
3679657
3761522
3761522
4296519
4251833
3769427
3717213
3636464
4018009
3827678
3827678
3827678
3720608
3986857
3717210
3652761
3767434
4012158
4012158
3983579
3611928
3677096
3767457
4925516
5324540
4385755
4838114
5270622
5243119
4945000
4955803
4385729
5310112
4627437
4702227
5039249
4645849
4702228
4702228
4569758
4944998
4723040
4585096
5221831
4727713
5222818
4935848
4902572
5311248
4407111
5286954
4374378
4604007
5303162
4585053
5084583
4399502
5001414
4585032
4732544
4688919
4426037
4449869
4541872
4475381
5756994
5801921
5527197
6085057
5578278
6030544
6191866
5719833
5462933
5722448
5708519
6036271
5670949
6011951
6153112
6141412
5375941
5697584
5563039
5756851
5754516
6202316
6153118
5852968
6053670
5795380
5440576
5986459
5962723
5633648
5575976
5385120
6147526
5665960
5350320
5445207
5697379
5603604
6154420
5996235
5821949
6202252
