6751925
6740437
6740446
6740455
6685089
6740317
6728955
6735794
6735576
6736792
6575680
6575685
6736665
6685023
6685088
6742877
6725178
6730457
6741275
6575681
6574813
6736433
6740991
6736674
6744479
6741260
6736671
6736777
6736425
6740313
6745835
6742859
6740967
6739382
6739381
2390055
2258
6859
12268
21326
28893
28894
20734
20735
26408
10384
11822
15088
12461
14595
27424
14325
28671
30585
30772
52268
52286
52292
52371
30720
49255
52324
52332
52386
52394
29756
29757
52329
52359
29755
52342
52370
29191
29237
52272
52357
52401
54023
54218
58062
58062
29758
52384
52391
29208
51025
52282
52319
52362
52364
52379
52369
29580
104828
72121
94757
79669
119469
71006
72030
80466
127881
136378
73087
124163
161993
198106
198156
185418
164823
185412
161987
164829
178592
185383
185452
201480
157865
160276
200567
170085
211324
215136
206429
211883
208606
211181
211895
225051
223193
255686
221035
231059
271947
278470
280344
277190
277194
277200
278471
289291
269406
271932
277218
280342
319497
319478
341691
319493
319495
336992
319498
319499
315247
319485
347926
408340
404557
389785
410070
449156
449429
451386
449457
449432
449436
449434
560880
592365
827167
800560
1101797
1422415
1284926
1411965
1306035
1287084
1917275
1783239
1589604
2210599
2210614
2059315
2210613
2210610
2100509
2210600
1982211
2210597
1980010
2210596
2873438
2777537
2720779
2707912
3487103
3487123
3040117
3523141
3530889
3040132
3345650
3474087
2982748
3261292
3896045
4265369
3874163
4031334
3983579
3788320
3568472
3556419
4749049
5112523
4957654
5221831
4823745
4475868
4672656
5401852
5649766
5932657
5852968
5932200
5445195
