6730886
6275181
6275181
6275184
6275184
6732140
6275663
6663009
6559362
6710066
6576687
6730693
6275115
6275115
6728880
6275548
6683959
6683959
6685089
6685089
6498449
6730891
6716958
6434069
6739590
6585745
6723013
6575670
6275192
6275192
6685023
6685023
6742558
6685088
6685088
6247063
6716960
6730457
6741275
6747678
6716777
6275196
6275196
6275764
6575019
6575019
6574824
6739576
6584653
6723023
6727537
6271188
6434405
6434278
6574911
6728755
6736822
6275189
6275189
6724161
6566582
6741260
6575668
6275180
6275180
6574893
6728702
6275148
6275148
6574799
6574818
6741146
6739572
6741238
6684992
6684992
6275850
6745426
6745835
6571985
6575692
6275175
6275175
6529881
6574798
6428377
6275110
6275110
6543642
6584736
6275190
6275190
6275198
6275198
6249059
6685077
6685077
6744551
1766
3540
11055
11387
11963
12141
12146
12373
13154
14044
14554
14597
15090
16666
16980
17408
17662
9469
18916
20154
20676
24851
24860
25455
25597
25952
28065
28147
28869
28926
28646
28871
1321
5124
10442
11469
11635
7373
12976
12979
13401
15022
15808
16944
17459
17794
17836
18566
19344
19593
25438
25505
25954
26689
27967
28578
28874
606
2519
5053
6901
10735
11609
11980
12371
12374
7446
13127
7760
13297
16946
17406
17789
20880
22257
25588
25957
28179
510
1320
2125
6540
7391
12139
12370
12808
12948
12971
13400
13407
14013
14789
17792
17752
18597
19302
19339
19743
19821
22141
23990
24171
25126
25269
26408
26717
27243
27345
27936
28622
870
1417
11610
11725
11751
11871
12697
13409
14596
15842
16069
16507
16665
16834
17693
19630
20561
21702
23761
25249
25268
25809
26160
26294
28872
2027
10671
10658
7279
11516
11752
11870
12175
7401
13406
13551
13987
14553
17299
17775
17806
18281
19578
22144
21908
22404
935
5576
10662
10663
10664
11161
11347
11201
12128
12369
12465
12946
13091
13375
14320
15660
16239
16833
16927
17207
17788
18917
9933
21531
22251
23023
22728
24003
25088
25388
26537
26920
27946
28641
1071
2458
2890
7098
7157
11398
11613
12291
12632
12549
13286
14033
8305
16095
17643
19576
24988
25257
26251
26508
27937
28033
28870
30508
32187
34380
35121
39504
41966
30304
30364
30604
31652
32858
33086
43303
46494
55559
29391
29756
29757
30507
33662
33778
34010
34630
35124
36012
36468
29323
29390
29755
30509
34843
35712
42313
55629
31024
31258
32319
33013
34651
35612
39632
29758
32940
33240
33496
56262
57231
29201
29588
29866
33273
35112
48862
58071
58179
30920
35424
35619
43419
65891
83666
85065
86376
87864
92776
104968
117208
127455
132776
132791
60764
66786
76884
80489
83680
84195
93445
104933
115147
128236
61021
65866
75684
116101
65821
85134
90230
91943
102436
106613
119608
123319
127452
135237
67537
83342
103801
117468
121948
129213
79144
79533
83675
92071
101537
134907
137663
65782
93643
104046
106606
127084
138656
80446
92098
185810
188064
195810
148038
153789
157606
157903
160581
177876
146684
163178
167896
169005
181480
203333
158160
158254
161380
173916
194905
201819
146396
148110
148278
156359
160623
162371
173898
174710
182053
203313
146401
146679
148225
153028
158209
158250
161027
166450
167561
167564
177883
198284
148768
149174
157812
157865
157926
157954
158226
162769
189310
203308
203485
147991
148115
148714
154938
156438
157881
180209
193440
205090
227612
205617
226781
253612
253639
254295
205100
211385
214095
219970
224756
205908
220210
221047
221473
225621
210357
205532
234767
243471
226777
215707
236190
274780
283069
289633
291488
292261
292292
303707
305548
305548
274768
275440
289186
289618
291250
301251
305160
257317
278272
278517
278450
283156
284098
288682
288727
289214
305554
305554
307926
268036
280402
289442
292200
283564
285628
298268
303887
273137
273471
279586
289648
291008
291444
298042
303982
268450
269606
275070
288685
289127
289631
291498
292104
278210
281748
289275
289661
323203
349309
353675
331714
349304
319598
321298
334694
335447
339857
356248
366551
310169
315529
319694
314971
319016
334622
339280
368030
354714
358849
378102
396308
405050
417493
370122
387352
405807
418795
372256
417498
417886
381789
417884
406083
413869
404770
374022
422756
373898
425828
445785
466978
492260
435594
435828
446033
492398
502627
441371
473540
481685
496820
469851
439348
439654
467030
470223
475651
490113
492435
440043
480780
490699
507174
516299
535459
535459
552843
523290
514073
526516
540766
546843
558625
518303
525591
513625
525334
526958
527455
541174
546471
506972
536838
525295
572176
623702
646845
590931
613516
622653
641811
562721
563985
565111
565303
633347
589705
623120
634748
564345
589095
732588
751389
771824
666325
742803
771833
697499
771977
781454
707320
771841
746422
681105
801700
926177
887634
863998
840526
898621
906014
1208852
1045539
988442
1149673
1018981
1084806
1061861
1033390
1212065
981896
973011
1407624
1527114
1479193
1460392
1418494
1410754
1271048
1849479
1779797
1386443
1621479
1686031
1644581
2392146
2112878
2097844
1262771
2230846
2230846
2210613
2210610
2027271
2104259
2150825
2348477
2251798
1941785
2210616
1941786
1985458
2001742
2003316
2210612
2210600
1969273
2348522
1984785
1970011
2076644
2338306
2263427
2025987
1976511
2210597
2261241
2299563
2339729
2067104
2009008
2210596
2163607
2375553
2452703
2612780
2675981
2791997
2633100
2877906
2726485
2885735
2873439
2718829
2824171
2578247
2578247
2786161
2564353
2564353
2765713
2433975
2702764
2578281
2704036
2888498
2561733
2888497
2578282
2578282
2595728
1413864
2765714
2660813
2708456
2679148
2488584
2935848
3108566
3108566
3405834
3096961
3031016
3133486
3378227
3378227
3134127
3030982
3030978
3487125
3010210
3010210
3167435
3208898
3010202
3010202
3269181
3015644
2994416
3032437
3530618
3530645
3096959
3199749
3429613
3050273
3199735
2987556
3523590
3523596
3520860
3349460
2939009
2957098
3030996
3530889
3429612
3082911
3031018
3031001
3111781
3371395
3378228
2918943
3083963
2994431
3896045
3983559
3688160
3940175
3940153
3982805
3827677
3827677
3827707
3827707
3827707
4020375
3895999
3883642
3676747
3940172
3827676
3827676
3827676
4012140
3677107
3611913
3693307
3940152
4037715
3940155
3940176
4146596
3679657
3940180
3761522
3569373
3962610
3940177
4296470
3845782
3883660
3883660
3636464
3592438
3940154
3940179
3940156
4231760
3940178
4329803
3652761
3693305
4012158
3611928
3677096
4154917
4838095
4838097
4764753
4385755
5003102
4838123
5243119
4680690
4945000
4955803
5310112
4619433
5003106
4924320
5003117
4385762
4648151
4648716
4696712
4702227
4645849
4702228
4741849
5155756
5003118
4465694
4764756
4727981
4702205
4944998
5003103
4385749
4385749
4794335
4648168
4648168
5003100
5003110
5222818
4902572
5311248
4407111
5003108
5003101
4838223
5003116
4399502
4794812
4672656
5201575
5303169
4688919
4688919
5029322
4924546
5003104
4541872
4993005
4584881
5527197
5350179
5350963
5986682
6191866
5719833
5956972
6033593
5761253
6011951
6153112
6141412
5865261
6153064
6153064
5488643
5409685
5778187
6202316
5508270
5548180
5548180
6153118
6174085
6212466
5525702
5369613
6051104
5380486
6020208
5825533
5938993
6202252
