6730886
6734192
6739134
6540530
6553778
6247187
6751925
6721379
6723645
6720782
6680328
6725627
6740437
6740446
6740455
6724298
6726972
6737132
6732671
6734124
6725763
6723898
6559362
6736742
6730609
6748236
6728913
6567317
6736810
6749498
6728250
6750199
6728970
6724139
6724313
6460137
6311657
6744694
6743904
6683959
6744780
6739580
6740028
6744015
6726362
6740317
6740752
6331755
6331760
6497135
6669665
6752049
6751901
6571801
6732708
6730891
6732023
6748682
6607484
6722821
6723035
6378458
6716958
6460158
6360582
6734621
6275933
6728956
6740886
6739590
6741186
6607433
6735794
6631955
6742090
6740804
6753216
6753218
6735027
6735576
6728234
6728497
6735415
6730152
6736792
6723013
6435789
6575680
6737255
6733526
6733621
6754735
6728244
6749856
6736778
6736780
6737866
6736665
6752251
6751660
6742350
6604570
6567310
6495685
6726277
6742877
6740297
6726372
6742312
6264680
6498277
6727613
6420290
6247063
6247160
6247160
6533467
6733194
6744922
6740413
6737720
6720365
6716960
6724597
6328595
6748347
6726257
6740285
6585642
6731384
6731387
6735789
6736724
6732672
6734219
6741275
6725104
6725972
6739189
6740369
6494780
6748520
6736736
6730333
6747678
6728501
6721335
6716777
6275764
6575681
6748834
6696606
6733993
6663360
6737443
6730350
6748653
6736661
6748662
6736433
6736433
6751802
6739201
6745372
6742557
6629699
6510739
6739576
6741166
6726085
6725931
6740991
6685611
6237746
6723023
6331533
6529634
6727537
6271188
6271188
6751732
6247152
6247152
6752055
6410567
6744920
6742371
6726216
6736674
6323298
6734563
6728755
6725893
6736704
6737134
6728838
6733846
6726148
6740367
6741042
6753217
6735028
6735587
6730334
6748835
6748854
6736822
6728462
6724252
6578006
6434492
6744479
6742354
6727021
6742053
6727132
6741260
6669671
6752177
6745193
6744729
6736671
6727467
6544056
6734337
6656565
6386903
6732669
6733933
6725958
6737174
6730620
6748555
6728702
6264633
6264633
6733380
6733795
6736777
6720406
6736425
6736425
6562828
6610470
6725585
6725991
6495684
6741146
6739572
6740313
6744841
6751988
6584865
6683881
6749017
6728765
6745426
6356409
6730285
6736492
6752321
6748726
6545873
6748273
6575692
6728785
6724735
6431599
6742859
6742311
6271147
6745374
6726215
6507138
6378474
6751703
6722678
6721511
6742582
6739382
6529881
6723879
6749495
6428377
6744028
6736686
6739381
6282854
6734607
6435876
6249059
6380424
6345581
6431836
6744551
6686726
3651118
255
784
733
1763
2258
2276
2278
2289
2342
2907
2918
2973
2941
3540
4889
6425
10099
10265
6902
6954
7070
10404
10475
10487
10577
10628
10683
10946
10995
11055
11403
11159
11427
11534
11615
11958
11963
7358
12030
12033
12141
7402
12268
12601
12602
12605
12680
12747
12604
12641
12813
7455
12974
13054
13060
13102
13128
13186
7812
7831
13350
13294
13494
13607
13464
13677
13679
7898
7949
13943
13949
13950
14056
14554
14566
14593
14665
14705
14975
8285
14945
15090
8330
15843
15865
16666
8919
8933
17171
17210
8928
17402
17408
17300
17662
17711
17720
17734
17747
17935
17991
9299
18249
18146
18582
18585
18916
19143
19182
19375
19379
19627
9968
9998
20457
20636
20676
21139
21152
22139
22150
22250
22360
22297
22524
22685
23167
23642
23743
23853
23994
24165
24528
24719
24851
25093
25105
25115
25120
25256
25267
25129
25263
25445
25455
25696
25640
25952
26005
26118
26187
26869
26664
27082
27694
28080
28147
28275
28444
28455
28473
28580
28647
28869
28893
28894
28922
28926
28939
28871
344
361
538
410
1072
1245
1321
1170
1396
1635
2267
2380
2381
2511
2533
2373
2914
4782
5056
4771
5571
6374
6321
10100
10226
6826
10442
10476
10953
7284
11053
11098
11163
11424
11575
11618
11816
11939
11898
12053
12264
12330
12367
12476
12918
12979
7618
13108
13092
7804
13401
13493
13584
7947
13886
13698
13701
7946
13917
14028
8024
14484
14646
14656
14660
14815
14823
14826
15101
15296
15775
15808
15845
16084
16116
16202
16225
16420
17160
17256
8917
8944
17311
17333
17367
17401
17404
17426
9019
17503
17504
9035
17632
17658
17659
17680
17774
17794
17945
9140
17836
18556
18801
18873
18892
18900
18800
18990
9726
9753
19234
19344
19382
19543
19593
19741
19784
9965
20409
20734
20735
21643
22731
23102
23233
23854
23995
24331
24373
24721
24588
24601
24671
24514
25122
25442
25642
25558
25693
25713
25945
25954
26052
26074
26116
26162
26468
26775
27371
27570
27806
27967
27416
27536
27991
28000
28155
28233
28274
28279
28454
28554
430
712
596
604
619
698
928
1074
805
1070
1322
1426
1835
1856
2245
2269
2273
2323
2379
2688
2687
2899
2897
4765
5246
5572
5477
6486
7095
10495
10488
10595
10636
7187
10735
10791
10580
10582
10590
10635
10799
10693
10816
10885
10978
10996
11198
11332
11609
11580
11626
11824
12001
12051
12071
12086
12374
12624
12628
12629
12679
12681
12785
7446
12956
13382
13604
13807
13680
13948
13991
13995
8023
14218
14350
14524
14545
14603
14818
8288
15038
15908
15950
16081
16400
16509
16673
16709
16829
16940
17150
8889
17215
17362
17407
17427
17406
17649
17673
17684
17790
17702
17928
18098
18436
18590
18857
9743
19184
19315
19455
19679
19896
20107
20211
20880
20593
20632
21156
22143
22142
22135
22256
22257
23278
23635
23749
24228
24574
24589
25089
25092
25264
25106
25169
25447
25457
25588
25695
25697
25715
25950
25957
26008
25947
26117
26142
26272
26577
26672
26783
26700
27648
27799
27989
28134
28812
28435
28511
28615
29046
696
852
929
1111
837
1069
1399
1434
1592
1320
1659
2125
2263
2385
2689
2916
3525
3693
4609
4878
5353
5618
5717
6325
6318
6540
6595
10221
10224
10267
7086
10490
10522
10626
7169
10805
7171
10848
11026
11082
11221
11587
11874
12039
12207
12139
12226
12370
12412
12635
12748
12789
12593
12808
12912
12972
12826
7512
13020
13097
13101
13103
13106
13124
13167
7820
7819
13346
13400
13451
13429
13563
13808
7959
14013
14042
14323
14382
14441
8145
14789
15043
15659
8351
16205
16387
16428
16877
16942
17298
17310
17338
17339
17350
9009
17456
17501
17365
17792
17752
17944
9174
18444
18505
18587
18798
18815
19142
19302
19583
19604
19736
19743
19821
20039
20106
20558
21086
21370
22141
22132
21952
22786
22815
23220
23224
23872
23878
23847
23857
23990
24512
24515
24573
24925
25098
25154
25269
25272
25383
25113
25766
25893
25932
26408
27001
27243
27324
27345
27537
27709
27936
28169
28050
28100
28367
28287
28432
28434
28565
28622
28645
28885
28644
29050
433
471
511
869
870
1075
1279
1650
1826
2265
2431
2348
2934
3564
4426
4634
4882
4753
5548
6332
6690
6684
7090
10640
10648
10714
10817
10823
11017
11021
11162
11586
11610
11725
11751
11822
11948
12050
12073
12074
12110
12320
12391
12466
12364
12587
12779
12784
12634
13019
12844
13112
7808
7823
13301
13359
13070
13109
7810
13433
13467
13601
13848
13870
8021
14173
14386
14659
14867
14900
8259
14878
15191
15528
15842
16069
16079
16193
16373
16538
16684
16708
8677
16834
8813
17046
17129
17152
17155
17204
17208
17251
9021
9031
17606
17840
9137
9219
18679
18695
18785
18806
18891
19078
9808
19188
19630
19711
19734
19738
19990
9960
20238
20596
20686
21529
21906
22151
23032
22492
23218
23308
23613
23614
23761
24095
24506
24722
24620
24816
25002
25091
25095
25116
25131
25147
25249
25265
25268
25270
25274
25529
25548
25710
25894
25937
26013
25956
26061
26294
26188
26781
27487
28048
28420
28431
28474
28627
28640
28872
28447
28625
28888
425
699
484
463
592
620
727
1172
2104
2279
2291
2345
2489
2377
3251
3565
4615
6520
10229
7065
10296
10581
10655
10777
10681
10658
10583
7279
11123
11574
11604
11634
11752
11865
11867
11843
12135
12175
12186
12182
7427
12321
12335
12365
12410
12475
12657
12665
12735
12736
12776
12603
7451
12999
13045
7730
13233
7811
13304
13118
13229
13296
13365
13366
13396
13492
7945
7948
13987
14036
14064
14262
14276
14553
14595
8191
14876
14897
15042
8287
15316
15344
15769
15841
16064
16113
16316
16415
16422
16433
16371
16555
16775
16977
8828
17083
8926
8931
17252
17299
17430
8997
9032
17611
17665
17666
17580
17796
17806
17899
9224
18511
18970
19186
19187
19223
19381
19443
19793
9962
20167
20615
20975
21165
21523
22144
22148
22100
22404
22727
22768
22746
23377
25096
25152
25254
25258
25377
25454
25698
25701
25953
26001
26031
25961
26184
26308
26836
26645
26665
26670
26707
27352
27992
28049
28165
28423
28438
28496
28613
28887
28941
28426
28633
28767
28884
343
644
936
2109
2124
2270
2275
2382
2383
2444
2910
5168
5210
6485
6598
7068
10298
10386
7083
10654
7280
11022
11161
11249
11426
11611
11628
11696
11608
12128
12322
12339
12369
12411
12390
12546
12946
13091
13146
13189
13224
7748
13253
13558
13567
13434
13585
13671
13916
14027
14046
8018
14169
14180
14198
14320
14341
14592
14662
8155
14981
8304
15660
15720
15876
8343
16086
16429
16548
16559
16833
16927
8762
8833
16862
17048
17121
8906
17156
17151
8924
17212
8918
17355
17500
17625
17630
17657
17786
17791
17941
17988
17830
17990
9222
18143
18509
18605
18649
18917
19457
19531
19606
9906
19706
19708
19625
19748
19783
9966
20210
20231
20387
20460
20462
20979
21155
21373
21719
21393
21704
22251
22728
23521
23733
24716
25088
25099
25097
25103
25153
25157
25165
25255
25260
25262
25271
25388
25639
26000
26034
25936
26143
26233
26392
26119
26635
26718
27695
27946
28156
28170
28224
28405
28422
28436
28437
28468
28470
28477
28552
28562
28574
28623
28624
28649
28923
28487
395
682
665
934
933
1071
1323
1254
2268
2429
2890
2909
4470
4620
5243
5752
5715
5761
6495
6537
10222
10225
10228
7098
7088
7166
7156
10802
7265
7282
11398
11384
11596
11769
11917
11877
12029
12056
12259
12291
12343
12479
12524
12436
12626
12659
13074
13174
13254
13364
13148
7807
13571
13700
13849
13997
14041
14161
14929
8239
15909
8346
16075
16539
16540
16750
8764
16978
8897
17122
17153
8913
17301
17353
17364
17403
17409
17428
17431
17312
17635
17638
17690
17838
17930
9139
18089
18502
18539
9810
9807
19192
19380
19681
19581
19605
19746
19861
9932
9976
20159
20680
21819
22116
22185
22112
22375
23028
22944
23237
24270
24343
24718
24533
25087
25090
25127
25151
25257
25261
25641
25774
26007
25803
25934
26279
26630
26702
27417
27798
27814
27885
27937
28421
28575
28671
28870
29499
29921
29996
30508
30809
30878
30888
31027
31203
31660
32005
32013
32187
32936
32934
33658
33665
33923
33999
34333
34380
34558
34586
35008
35427
35447
36119
36487
36959
37176
38149
38357
38359
38418
40454
41768
42604
43269
43795
43821
46520
46543
46612
46570
48694
48694
49509
50256
51070
51582
53280
56011
56961
58274
58732
58736
29294
29498
30353
30364
30604
30716
30717
30720
30828
31266
31433
31428
31652
31877
32547
31985
32035
32165
32241
32950
32942
32944
32951
33367
33368
33643
33779
33685
33763
33854
34030
34117
34677
34837
36311
36642
37770
37972
38343
38363
38387
38387
39513
39520
40801
40804
41110
41418
41797
43303
43316
43301
43788
46494
46580
46582
50070
50981
51011
51066
51000
51174
52394
52791
54902
55559
55619
55649
55689
56675
58668
29551
29756
29757
30361
30507
30568
30625
30883
31030
31037
31654
31743
31871
32604
32006
32395
32939
33252
33662
33666
33668
33910
34010
34696
34630
34844
35059
35070
35124
36126
36483
37174
37584
37965
38377
39143
39366
42534
43778
45141
45928
46502
46383
46562
48255
48813
50996
51032
51071
50964
51168
52402
52862
56254
56946
29183
30127
29678
29692
29694
29698
29755
29953
30355
30509
30524
30833
30974
31038
31081
31260
31263
31297
31625
31885
32488
32847
32862
32991
33493
33744
33958
33952
33991
34116
34349
34845
35712
35886
36480
36524
38048
38422
38422
39293
39371
39403
40233
41652
42244
42400
42619
43319
43295
43312
44878
48546
48560
48706
49896
52276
52342
53121
54003
54113
54116
54904
55629
55629
55829
56272
56800
58148
58275
29191
29454
29533
30029
30329
30697
30826
30987
31404
31566
31721
31928
32945
32947
32955
32960
33001
33012
33013
33296
33512
33857
33855
33920
34099
34123
34366
34428
37071
38057
38345
38816
39333
39377
40795
42583
43288
43697
46245
46498
46607
46613
49314
50800
51161
54801
55634
29265
29321
29493
29501
29758
30199
30242
30512
30603
31022
31102
31261
31602
31855
31744
32141
32242
32320
32860
32957
32940
32952
33162
33496
33688
33780
33938
33963
33842
34109
34120
34332
34882
35129
35684
35928
36309
37321
38768
39305
42239
44910
50198
50955
51017
52848
54837
54859
55638
55656
56009
56194
56329
57674
58651
58751
29165
29201
29685
30147
30148
29942
30354
30362
30579
30624
30694
30746
30821
31028
31019
31264
32247
32494
33563
33743
33756
33856
33912
33961
34031
33996
33992
34007
34606
35043
35112
35425
35589
36477
38001
39214
39267
40459
42337
42377
43425
43854
44092
44913
46684
48553
49118
50194
52351
54101
54910
55737
57680
58036
29185
29710
29878
30547
30695
30920
31123
31865
31884
32943
33777
33672
33747
33919
33934
33843
33852
34556
35424
35433
35619
35926
37637
38412
39235
39694
41474
42280
42426
43265
44887
45510
46576
46583
47905
48674
51034
51633
53670
53756
54361
55720
56612
59430
61036
62657
63054
63188
65044
65122
65891
66012
66136
66387
66571
66783
67646
72320
73049
73186
74657
75495
75602
75987
76311
78833
79524
80600
81834
83332
84385
84598
86376
87872
88111
88205
89004
92463
92469
92776
96458
98454
100841
102365
104968
107188
107866
110235
110916
110960
113139
114386
116620
117208
117214
118755
119131
119893
121394
122698
122778
123099
124188
127896
128239
132626
132632
132776
132791
135028
137584
138126
138671
60953
61016
60979
65443
66332
66786
68603
73007
76227
76423
76884
77921
79527
80489
81974
83336
83702
86809
87272
88124
88935
89895
90016
90367
92473
92801
94466
94743
98445
104944
105047
105914
110241
110382
111780
115534
116391
117986
118717
128862
129061
129370
132579
138127
140087
61933
62772
63181
65248
65612
65866
65877
66068
66607
66767
67176
67204
72325
74801
75898
75970
76101
76253
77496
78069
78846
79151
80011
80575
82618
85067
87252
88122
91838
92779
93242
94877
96262
98519
99625
99723
101525
110393
110341
113050
113450
115116
115369
115960
116751
116839
121388
121396
121412
125791
126816
129124
129371
133457
59496
61285
63035
65063
66288
67528
69970
70723
71093
75889
77918
79160
80027
80433
81663
82719
83585
84619
85134
87749
88134
91408
92728
96123
96461
96891
98098
98321
98512
100835
101509
101529
102369
102429
104939
104946
106613
112844
119903
124939
125770
125788
127431
127434
128133
128222
132619
134253
134269
135031
136992
60727
60935
61002
61113
63160
67537
71082
73023
77257
78850
79149
79992
79981
80053
80405
80425
80474
80440
80821
81229
83342
84410
85052
85603
85613
86161
86187
87261
87299
88075
92435
92730
94643
96455
99622
101836
102366
102444
105051
105055
105170
106932
111748
117468
117629
118749
118776
119900
121948
123624
124922
127481
128908
129213
130763
133460
138346
139197
65913
66008
66009
66282
67527
67533
74842
75473
75653
75984
78784
78848
79144
80002
80466
83675
86486
87689
88062
88133
88199
96186
96970
97986
98073
98447
98525
101711
102341
102372
102377
104957
105037
108548
110244
110977
111004
111753
112694
115542
115673
115811
120080
125775
127881
128842
132435
135007
136125
136372
137663
138683
138948
60178
61008
61019
62309
62790
63277
64330
65061
65869
66759
67157
67539
74802
74853
75962
75995
76089
76411
76428
83298
83313
86800
87675
87681
88113
88119
90285
90322
92430
92954
93194
96192
97522
98164
98336
99626
106599
106880
109879
110236
110952
110997
112963
118703
118770
118760
123291
125963
126237
128192
128228
128451
134208
134201
134261
137907
61337
61804
64291
66277
67207
67606
72797
74808
75690
79922
79957
80446
80452
80416
81736
84401
87669
88419
89940
90328
90593
90977
92354
94869
96846
97488
97506
101523
101542
104949
106431
111012
110955
116050
117756
121423
123094
123285
123608
123706
125246
125257
125778
125813
128188
128470
130706
132236
132446
134217
134262
142161
145796
145853
146397
146398
146887
147170
148042
148099
148044
148066
148289
150009
151840
152733
153333
154332
157057
157660
157888
157904
157909
157913
157917
157937
157993
157944
158200
158245
158227
158253
159116
161822
162750
164707
165603
165613
168409
168651
171052
173901
174491
175281
175452
176008
177183
177872
178514
182527
183606
184599
185466
185566
185810
187030
187026
189123
189317
190764
194339
194365
196537
199354
200192
201773
145795
146749
146776
147729
148038
150211
150426
155870
156367
156420
157671
157606
157862
157895
157967
157975
157981
158169
158186
158203
158237
158246
160581
160587
160597
160638
161396
161413
161518
161417
164433
165566
165671
166195
166433
167421
168281
168642
169645
170229
171214
171296
171296
171910
173900
177430
177781
177792
178005
178429
179743
184340
185604
185652
185694
186491
186507
186991
189155
191245
193025
194697
196125
198130
198148
199059
199141
199359
200345
200405
202354
203577
144235
144238
145626
146196
146308
146672
146684
148054
150012
153071
155980
156227
157694
157887
157930
157943
157940
158197
158207
158232
158134
158195
158241
159307
161066
161834
164227
166378
166419
166443
168283
168342
168762
168987
169005
171216
171217
171835
173774
177838
178222
179113
183189
185379
185662
185807
186499
187022
187034
187319
188071
188960
189301
191853
194687
195645
195793
195875
195878
195799
198456
198990
199142
199654
200403
201203
201776
202786
203631
142551
143396
146657
147173
148243
149998
150430
150455
153500
153993
153996
156006
157611
157948
158013
158000
158160
158163
158254
160607
160603
161361
161380
162355
162753
163489
163786
164360
164696
165606
165651
166414
166435
169608
169638
170079
171133
177795
178460
180206
180472
180824
182056
183903
185405
185600
185826
188976
189160
189190
189870
190638
191021
191374
191839
192311
192807
195776
196616
197981
197982
199365
199656
201819
141359
144447
146778
147469
148049
148052
148078
148124
148132
152949
153711
156092
156359
157618
157655
157745
157870
157950
157996
158003
158179
158221
158149
158247
158251
158265
158624
159516
160615
160623
161388
162371
163594
164689
164694
165593
165607
165815
166416
166412
168434
168471
168646
170115
170223
170234
172290
172363
172912
173776
173897
178513
180150
183255
184584
185682
185653
188213
189119
190903
191840
194469
199648
200877
203585
203626
141980
145365
145794
146732
147982
148225
151457
153028
154691
155861
156995
157614
157859
157892
157987
158185
158191
158235
158250
159731
160593
160601
160617
161027
161759
163486
164023
164226
164691
165614
166439
166446
167905
168448
168866
171219
172304
172311
172852
173116
173416
177435
177582
177802
177883
178486
180427
184626
185563
185821
187010
187024
187465
188983
191857
194281
194683
194767
194897
195536
195788
195884
196542
200350
201212
203622
141992
142035
144221
144225
144952
146362
148063
148125
148727
148834
150006
150208
151430
152753
157664
157675
157865
157905
157926
157951
157958
158144
158216
158226
158202
158819
162123
164078
164713
165282
165285
165643
168445
171209
171880
174547
175376
175419
177877
181514
182399
184150
185468
185498
185406
185655
186517
187017
188591
191837
192338
193286
195747
195813
199055
199306
199362
199969
200355
200567
201202
203522
203581
143395
147299
147991
148115
149127
150010
150014
150011
150191
152952
156377
156410
156438
156983
157651
157881
157907
157946
158175
158187
158190
158194
158239
158146
158249
158258
158812
159629
160308
160585
160610
162748
163588
165599
165602
166390
170993
171101
171831
171907
173902
173913
174383
180209
182127
185488
185818
187332
187521
188573
189365
190284
191202
193023
194466
196990
197247
197307
197987
198127
199417
202752
203528
205090
207139
207569
209920
209938
210780
211509
211814
213006
213698
213734
214567
214597
215137
215144
215492
215561
217266
217322
217328
217380
218999
220296
220316
220992
221806
222182
224744
224749
225330
225738
227612
228788
228820
228931
228977
229009
232350
234199
234936
237682
239998
240596
241440
242553
243091
243111
243478
245088
245099
245758
247617
248642
248820
249315
250112
250781
251463
254308
254787
254831
254856
254920
255116
256334
256478
204609
204968
205286
205356
205622
205633
207324
208504
208593
213684
213890
214067
214221
215136
215141
215720
216362
216826
217304
217307
217531
218627
218965
219072
219971
219979
220184
220262
221182
221184
223956
224322
224416
224585
225063
225841
226461
227940
228160
228966
229215
229843
230064
230120
231298
232055
233155
234178
236580
241859
242260
242304
242415
244491
244799
245794
245842
247663
247668
247674
247697
248293
248641
250711
251403
251525
252378
252950
253612
254295
254838
254870
254872
254900
255559
256114
256370
256580
204131
204536
204804
205100
205446
207176
208321
208766
209930
210719
211385
212555
214095
215139
215599
215606
216434
216818
217147
217349
218497
219970
220988
221236
222178
222262
223039
223894
223937
224407
224413
224466
224756
225440
226160
228148
228531
228794
228801
228818
229722
230124
231294
232051
232867
234017
234158
234189
234555
236654
237195
238533
238745
240593
241127
245789
245800
247623
247630
247694
247736
248695
251383
252449
254852
256620
204188
205674
206421
207164
207173
208606
209056
209708
209710
209707
211650
211840
211886
211895
214594
215121
215526
215685
217053
217106
218210
220255
221047
222185
223906
224415
224471
225051
225621
229503
229742
231279
232936
234175
234552
236626
237537
239237
240003
240423
240637
241442
242781
244427
244503
244932
245775
245836
247598
247686
249296
250486
254771
254881
255086
256330
256422
256446
204532
205392
205407
205441
205424
205436
206335
207143
207334
209918
209926
210357
212316
213694
213725
213880
215552
216830
217132
217366
220253
220948
222359
224465
225056
225638
228166
228216
228985
229015
230051
234168
235519
236602
237500
237907
242419
242423
247618
249612
250701
251507
252453
254804
254842
254845
254876
254895
255079
255083
255115
255510
204178
204218
205291
205411
206129
206337
207327
209713
211311
211686
211869
212281
213873
214223
214565
214824
215100
215556
215571
216236
217099
217117
218075
218621
219004
221192
221232
221308
222176
222317
223750
224603
225343
225347
228141
228163
229736
230233
231109
231373
232927
234127
234523
235194
235544
237919
238537
239713
240108
240440
240579
242412
244487
244496
244802
244806
245796
245934
247740
247680
250709
250727
250910
251375
251388
251753
252583
254005
254778
254898
255686
256464
204929
206767
207330
208865
209052
209706
211873
211892
212258
215117
216430
218232
219826
219974
220302
220952
221188
222148
222163
223218
223920
223900
223947
224460
224827
225328
225476
227096
229720
229980
230235
232013
233159
234126
234195
234945
235196
236599
240595
242315
242417
242557
243405
243820
244435
244770
244774
245498
245756
245781
245981
247672
247677
247678
250854
251391
251452
251749
254788
255119
256444
204668
205156
205418
205679
207808
208732
209931
211819
211849
211876
212274
213645
213728
214228
214601
215554
215602
217096
217178
217313
217843
218192
218203
218216
218617
220977
221035
221228
221241
221243
223202
223926
224411
224417
224422
225326
225345
225354
225751
225919
228157
228785
228815
228962
232916
235049
235515
236190
236588
239348
241319
242150
242311
242313
242394
242400
242789
242776
245834
247637
247865
249690
254791
254888
256473
257165
257760
258482
259409
259430
259575
263505
266880
269403
271082
271092
271132
271168
273339
273329
273348
274619
274641
275579
275621
276451
277673
277618
277649
277675
278357
278359
280216
280592
281077
281091
281100
281103
281104
282579
283069
283147
283589
284090
284593
284985
287218
287545
287633
287676
288422
288451
288690
288857
289183
289383
290767
290834
290902
290957
290983
291058
291488
291542
291571
292796
292822
296921
296885
297741
297830
297975
298020
298168
299354
299932
300966
303707
303893
303972
303978
304109
304127
304154
306732
308278
308647
308662
308666
308676
308806
309011
257176
258178
259790
259790
260115
260259
260678
261085
261148
262057
266381
269842
270883
271129
271164
271212
271506
271760
271799
271947
272137
273318
273334
274594
275627
275631
275641
275643
276156
276407
278293
279527
279610
281097
281039
282584
284318
284586
287406
287500
287598
287618
287661
288466
288850
289108
289116
289673
292030
297232
297747
297787
297843
298028
298034
298220
300992
301251
301802
303903
303969
304063
304122
307922
309039
257169
257183
257411
257896
258493
258495
258503
260281
261213
261434
263494
263557
263595
263777
265601
266846
266970
267033
271119
271190
271503
273309
273820
274603
274616
275600
275724
277261
277635
277660
278343
278450
282532
283156
283841
284098
284118
284681
284872
287578
287667
288419
288463
288682
288727
289379
290849
295769
296739
296789
296930
297858
298236
299693
299894
299928
300274
301059
302271
302323
303363
304116
304129
304117
306930
306976
307208
308072
308075
308651
257097
257173
257413
257761
258318
259418
259558
259565
260207
260256
261059
263561
263737
263749
263752
263846
266919
266927
266967
268505
269409
271732
271755
273316
273338
273825
275638
276059
276450
277653
278511
278515
279599
279622
279687
283118
284308
285753
287572
287590
287614
288808
288829
289649
289743
290931
291543
292816
296320
296328
297810
298213
298631
299927
301721
302294
303369
304023
304034
304029
304101
304221
304090
307189
308078
309654
257091
257177
257324
257789
259045
259630
261113
261129
261160
263546
263550
263593
263774
271093
271207
273829
274611
275082
275649
276855
276964
277664
277707
277632
277678
277696
277663
278350
279561
280196
280584
281121
283075
283136
285750
287185
287552
287604
287635
287653
287656
288417
288885
288918
288928
288939
289026
289103
289118
289124
289146
289637
289734
290779
290840
290932
291042
291162
292198
292801
292827
294958
297714
297764
297805
297827
298024
299718
300562
301237
302211
302267
303887
304084
304105
304108
306509
308664
309031
257076
257098
258509
259416
259568
260250
260284
261144
261190
263586
264647
266977
269837
270349
270876
271166
271211
271508
273137
273285
273293
273471
273521
274614
275598
275607
278271
278341
279531
279586
281123
282474
282552
283100
284349
287592
287628
288392
288437
288562
288650
288655
288730
288735
288744
288838
289660
290782
296929
297822
298042
299712
300960
302262
303880
303881
303982
304064
304098
304112
304159
305256
306928
309831
257090
257326
257876
258169
258634
259405
259629
260177
260196
261613
263544
263554
263577
268450
269406
269606
271136
271175
271196
271932
272134
273299
273311
273847
274591
274606
274612
274778
274763
275070
277030
277697
277686
278280
278276
278330
278369
279639
279644
280602
281112
282561
282578
283091
283126
283150
284496
285596
287576
288432
288436
288659
288685
288687
288692
289127
289139
289110
289564
290832
296152
296935
297836
298210
298218
298275
299406
299647
299652
299661
299694
300559
301053
303899
303967
303997
304060
304944
305172
305153
307182
308067
308670
309392
257103
258166
258173
258494
258496
259632
259571
260173
260654
263589
263742
263839
263844
263849
266724
266867
266922
269424
269846
271125
271151
271159
271163
273287
273333
274607
274644
274701
275612
275798
276253
277659
277681
277711
278285
278452
278507
279601
279613
279666
280219
281111
281117
281138
281748
282588
283086
283099
283120
283128
283141
284342
285744
286001
287622
288426
288716
288738
288814
289494
289635
290206
296787
296926
297837
298023
298271
299582
299699
299935
301915
303878
303883
303901
304079
304019
304069
304092
304151
305164
305983
307723
307947
311929
311929
313796
313853
313863
314005
315086
315497
318496
319195
319686
320671
320866
321945
322233
323203
331697
332402
333189
335708
337759
339356
341206
341872
349289
356152
361075
361090
361802
364105
364617
310707
311897
311906
311906
311981
312531
313812
313807
313936
313941
314951
315060
315343
315492
318569
318437
319190
320357
320739
323191
323199
331477
331694
332397
334591
334691
335697
338717
339859
340206
341581
341586
343697
348440
348699
349309
353717
357085
360487
361106
364588
364615
364640
364731
365161
310862
311304
311901
311901
313999
313999
314566
320836
322224
323161
323382
323433
330411
334482
334631
335642
335987
338716
338792
342541
345046
346985
346980
349913
351132
351695
353669
353679
353860
357075
359955
360022
361249
362518
362884
364632
365057
365177
310855
311504
311944
311944
311966
311949
311949
312915
313779
313804
314105
318370
318504
319600
319629
322461
323169
323378
323534
323567
330710
331489
333577
335349
336168
336157
337599
347184
348686
349313
349304
351698
351952
356239
358498
359086
364446
364630
310334
310874
311918
311918
311975
314096
314387
314570
317934
318005
318445
318538
318551
319117
319623
320361
322490
323385
323399
326629
327765
331482
334573
334614
334632
334694
335345
335447
336064
336992
336995
337532
337579
338785
340395
340774
341599
341676
341851
341875
342532
343078
343975
346506
348714
349334
349711
350984
350993
351011
351120
351702
353701
353861
354553
356248
356767
361095
364614
364626
366551
366710
310718
310899
311516
311545
311987
312537
313118
315345
315529
318326
318477
318952
319635
322220
322290
325424
326742
330173
333004
333011
333196
333204
334699
334780
337510
338781
338816
339860
342196
344041
344550
346074
348716
349327
350991
361097
363931
364096
310456
310892
311318
312641
312894
313781
314757
314784
314971
319016
320069
320884
320906
331689
334583
334622
334781
337423
337763
338714
339280
341591
346082
346445
349326
349649
349659
350975
350996
350997
351138
351146
351150
353683
353692
353706
358475
361107
363609
364490
368030
310864
310882
311520
311873
312120
313932
316168
318401
319021
319096
320841
321876
323388
326739
327899
328034
331194
331485
332666
333578
333582
336156
341592
342536
345043
346493
346515
349654
351696
351697
353491
353689
354714
356159
356244
358523
358849
366091
370110
374098
374212
375625
376916
378888
381319
381454
381802
385344
385386
385389
385723
387151
390666
393883
396308
398297
399141
405050
406069
406269
408613
408613
408930
409289
409294
412464
415996
416079
417122
417493
418124
420469
421924
428755
431928
431993
434052
369314
370535
370561
372192
373928
374378
375937
375963
376639
376927
378176
387452
387491
387850
390380
393849
395770
396310
397207
399249
399546
403070
404117
405807
407559
409296
412025
412551
412875
423094
423956
423966
428113
430244
430244
430273
434107
434346
368743
370554
375944
376613
376620
377239
377246
378188
379311
381621
385342
386128
390694
390708
390709
391941
392098
392386
392426
395646
395651
395655
397202
398322
398943
399238
399356
399389
402433
403142
408918
411771
416014
418110
420761
421490
423772
423806
423836
423969
424197
424210
425726
429173
430268
430268
432189
432192
433638
434177
370007
370558
372748
374198
374564
375912
375958
377511
381322
381308
381789
385234
388663
390661
390701
390706
390903
395648
402384
411916
420799
420813
420815
424234
425721
428756
432672
369338
370099
370529
371556
374169
375618
376928
377251
381296
381430
387483
390689
392356
393895
393921
393925
395216
395907
397214
399345
406343
408905
408907
410242
411194
412537
412556
416031
416322
421485
421474
423812
423977
424195
428683
428693
368837
369305
369319
370568
374099
374201
375682
375686
375928
377210
381300
384824
385340
385345
387460
388897
392440
394468
398911
402409
402720
404401
404557
406280
408715
409069
416006
416022
416039
418051
418054
418115
419418
421487
423845
430264
431970
434111
370097
370132
370563
370894
374022
375882
375971
376622
380359
381601
382181
384276
384479
384483
385378
387148
387149
387238
387455
387511
392420
393851
399382
402714
406353
407851
408900
409306
418035
420791
421261
421477
421480
428708
428711
428717
434137
434180
369327
369337
370119
370557
371181
374110
375140
375620
376609
377255
381451
381424
381818
387531
389785
392409
393891
398423
399194
399268
403453
406315
406362
408584
412515
413856
418113
421476
421639
421674
421758
423961
428519
429573
432176
435832
438209
440183
440187
440208
441664
443014
444030
445423
449142
465794
466978
468440
469538
469543
471050
473543
473763
474237
490064
490609
494658
498187
498240
436846
438199
440123
448162
449443
449457
457024
464877
469005
472508
473602
479502
480624
480781
484272
495392
499041
435594
435602
435828
440110
442524
443455
444090
444122
444438
446636
446641
448531
457026
457201
460519
462452
463234
463421
463969
463974
464172
465586
467764
468200
468578
470510
471141
472381
474228
480479
487721
494114
498206
502627
502783
503204
503242
435765
438278
440099
440211
445368
445551
446536
448205
449432
451938
454026
460858
461964
462729
464165
467768
468202
473540
473762
473764
474247
474606
475478
478844
479506
479781
481685
482542
483022
489036
489909
489996
494499
502148
503276
440815
442932
444443
448155
449463
451947
461151
462459
462722
468205
468470
469023
469851
472407
476689
479727
484017
484170
486824
488910
490094
490511
492790
499017
500567
501762
502002
439654
440095
440105
440136
440190
440798
441672
441669
443018
444043
446649
448150
449202
449405
449423
449436
451981
453311
457205
458457
462487
467030
468020
468438
471468
471499
472398
472410
475245
475304
475651
475922
487654
488204
488924
489179
490429
490520
492494
495677
496677
496759
496870
498285
502022
440193
444451
445373
446850
448371
449981
452012
457177
458449
462443
471052
471483
472188
475215
475223
481335
488903
491983
494119
495700
496675
503318
503374
436300
436493
438281
439819
440043
446910
448207
449448
449819
450845
461969
462727
462737
463970
465778
466743
467393
468614
468677
472411
478193
480780
481683
489875
490093
490699
495364
498203
498286
500177
502404
505156
506053
507174
507422
509094
511651
514794
517043
517139
518319
519132
524457
526950
529532
531757
531882
535459
541393
545293
545299
545299
545299
547975
548836
549395
549416
552912
552912
552912
554749
562103
504933
506024
506500
509373
514796
514888
517137
523290
523304
523336
525026
525274
525276
536773
540390
541098
544814
544962
545338
548420
548781
549324
551168
557369
505977
506499
507348
509162
513962
515865
516259
516696
518335
518356
519211
520127
520266
521781
522733
523377
525028
525364
526007
527706
531399
536743
541182
542084
542659
545351
545517
546843
547608
548866
549475
551169
558625
513981
518303
520326
520673
523301
525270
526049
527689
529207
531764
531759
531813
531871
540205
541302
544965
544965
549467
552335
554964
561941
512712
514893
525027
525043
525334
527455
528448
529503
529534
536217
536481
536807
538129
539189
539214
540360
540445
541174
543424
548422
549238
550817
552888
556845
560690
507014
513183
514803
518510
519905
523005
523295
523362
525874
527669
528410
537543
541603
546471
548416
553029
555252
560494
506972
510551
516304
518299
518322
518377
529536
531806
536838
543736
545337
546719
556010
556840
557531
557666
560880
562052
506044
520684
525295
525360
527947
535703
536482
545314
564690
567717
568176
568631
569735
572893
575435
575479
578952
583198
583198
583485
585557
589007
589628
590367
590367
594725
597112
598777
598777
613539
614180
615793
619535
620287
620287
623116
628758
634751
634879
640784
640785
641836
643419
655748
563475
566459
566862
567212
568159
568167
569786
575429
575429
581679
582249
590368
593387
602648
613524
614173
619762
621814
623702
635426
639589
649507
649490
649490
573657
575433
575521
575998
579553
592139
594742
602640
619528
628773
631843
634767
638782
639583
647236
654081
562948
564437
568153
568632
574436
574569
575564
577420
579508
594559
594929
602614
623182
624003
641811
643417
646783
653317
653323
562257
562721
563286
563985
563989
565241
575342
579500
579511
588555
592088
592276
593399
597099
613405
613548
615790
621451
621846
628768
633347
634048
634861
641841
643572
643718
645342
646778
564348
571184
584522
600073
611949
625085
634018
643860
650300
654829
564279
564694
564694
565671
569692
575475
576002
579569
583457
589679
618026
621997
623120
623989
633518
638413
640012
648666
650144
652362
564345
568187
569322
576007
578535
579562
585748
589095
589620
591909
593504
597191
604077
608198
611842
613546
617133
625108
635403
642360
650767
789656
740160
687486
687486
687486
780940
746810
721035
692775
692775
699896
717417
780968
702801
746308
768479
762869
746755
746337
722182
666260
778153
683607
719872
795354
754880
754987
793217
795340
658558
780726
735409
683882
732550
732560
745112
726752
744376
746879
732588
790260
692967
766109
680226
664296
762855
746808
683610
660998
787712
764034
797834
717635
742949
723841
758190
757771
763900
670506
724239
747061
746470
746483
746495
717414
664345
746799
775588
666242
793341
717406
721004
723835
666247
746660
709807
771527
755306
746468
742631
751537
732528
726185
731533
792818
746807
686357
680124
709477
713159
771482
747069
755462
658649
787955
758894
774417
664304
753835
663150
751186
687484
687484
746323
791768
668605
771519
790294
779040
787517
793095
772311
771833
672144
745684
746633
752587
746376
726728
732453
752314
752378
793346
752890
661043
746452
755384
747193
672130
680843
681434
746872
697499
780768
770322
748473
755721
767982
746494
746358
746358
714587
707998
707320
754861
751562
726191
746732
790281
793359
726723
661559
752624
692846
723253
715323
736529
794508
746722
746651
753865
757742
680325
751580
681444
754324
746840
660973
748690
746438
747049
666267
680500
707975
679261
745669
692338
748551
722178
746602
743572
771525
747189
752600
785725
746677
751567
740688
692259
748975
661571
746577
748910
726406
740921
697500
663509
771487
790271
778988
745627
677943
681105
752757
781463
672150
752376
954985
885135
822422
811037
801700
805559
808681
836005
801720
808351
904132
843007
800883
824038
802080
916603
832154
819734
928622
904163
904175
820653
820668
833475
931848
864546
811431
887611
914412
876858
819162
864358
800940
870074
954935
819746
889413
857516
925246
800875
840562
909430
799661
928478
924384
919914
887634
863998
954037
801144
809888
866406
839559
840208
928432
813997
845350
926133
834105
835998
925289
864543
819261
811425
843088
924865
846132
875031
800584
904115
904115
898621
829879
840556
811381
863999
908489
952155
818583
810928
924864
845356
889444
876851
951165
908729
820649
925299
925257
937369
871360
804629
802762
887615
961807
829235
800560
820145
820643
823367
822734
952147
852116
875033
938052
810012
800563
800601
931859
865480
813327
925282
904117
824852
996432
1050078
1050112
978977
1013915
991036
991059
1027702
1057104
1053894
1210755
978938
1057105
1061347
996444
998043
1059326
976921
980149
1074645
1080847
1010247
1210757
1045379
1210753
996447
988509
1045539
1177651
1031625
1061878
1061998
1057047
1053895
1178705
1202328
990658
988442
1022054
1192190
1006186
998087
991066
1050080
988457
1061855
1075667
1025008
1032540
996395
981894
996448
997202
990675
1050111
1005350
967400
1210483
1210483
1057053
1057048
970494
1035087
1052880
988501
1060667
1057046
1113063
1052882
1220681
1250428
1192244
1250467
1108813
979377
1035826
1078759
1204486
998091
996394
996446
976924
1060602
1101797
1035825
1078682
1037996
1000357
1157910
1057050
1053903
998088
1100627
1349458
1349445
1407624
1349443
1501761
1501761
1407268
1310609
1346799
1349459
1523468
1479193
1375100
1460392
1394369
1495341
1495341
1284926
1493340
1493340
1379772
854257
1449489
1327202
1349457
1491059
1465119
1365017
1555783
1298166
1309865
1410863
1393848
1336592
1249543
1365322
1375099
1349449
1349433
1365327
1276284
1544409
1349456
1349450
1349444
1487887
1482581
1287084
1293746
1464231
1349452
1271233
1271048
1387969
1375088
1441388
1341622
1711493
1670255
1675966
1675938
1726739
1669419
1581192
1685996
1613781
1760784
1664138
1621479
1623515
1711496
1673961
1862060
1686031
1711503
1717017
1664438
1810766
1709664
1711495
1917699
1603801
1711494
1711507
1719480
1711492
1644581
1709665
1589604
1711504
1711502
1920574
1581187
2210599
2328800
2071804
2112878
2334691
2097844
2210614
1995973
2297493
2264036
1976503
2218186
2230846
2149068
2029741
1985665
2319394
2231123
2328812
2210613
2116899
2210610
2027271
2104259
2130419
1976504
2348477
2100509
2251798
2231135
2003941
2193953
2003316
1270973
2111241
2210612
2150749
1969273
2176951
2348522
2348522
2338449
2264070
1970011
2076644
2115791
2237908
2338306
2030915
2263427
2025987
2115789
2099324
2329822
2297509
2004219
2280631
2163717
2162376
1946556
2261241
2334896
1977779
2299563
2292800
2237900
2135882
1994929
2369793
2069661
2067104
2316140
1980190
2116546
2210596
2163607
2119775
1980027
2577029
2702777
2534584
2612780
2536445
2536445
2675981
2406071
2791997
2507500
2726485
2703513
2645542
2674744
2702778
2534367
2760144
2873439
2718829
2501087
2467831
2765711
2578247
2645541
2575630
2505398
2564353
2765713
2433975
2702764
2648318
2645789
2622560
2888498
2674277
2674277
2847137
2844629
2561733
2822645
2492559
2839483
2578282
2674260
2595728
2744696
2804190
1413864
2645637
2765714
2660813
2664829
2707912
2534378
2763281
2742144
2490993
2829585
2771339
2764982
2617539
2526858
2703486
2492540
2883100
2502597
2782829
2628882
2488584
2624746
2935848
3428792
3030271
3139659
3030985
3030372
3487103
3487103
3248800
3016526
3487123
3487123
3402995
3405834
3405834
3096961
3031016
3022695
3181456
3181456
3213167
3289293
3289293
3378227
3514500
3181455
3031014
3487125
3011109
3161531
3390404
3010210
3533906
3010202
2945470
3523594
3008520
3170177
2999615
3269181
2994416
3032437
3530618
3096959
3199749
3124903
3231954
3199735
3026885
3533907
3523596
3362400
3523577
3516781
3402996
3077301
3236320
3165347
3165348
3492223
3299629
3533867
2903656
3272631
3299630
2922267
3267880
2971831
3070387
3530889
3037374
2982705
3040132
3345650
3267881
3519392
3474013
3082911
2982512
3388402
3378228
3020593
2940904
2897241
3349771
2957397
3016470
3373122
3085330
3533089
2994431
2960519
3225958
3896045
3983559
4337877
3688160
3642248
3642248
4370907
4226462
4112803
3940153
3913234
3982805
4308098
3662391
4128627
3722195
4251022
3946320
3950823
3883642
3676747
3940172
4251021
3677107
3693307
3987624
4337735
3724447
4037715
3883653
4317315
3962625
4127848
3940176
3679657
3761522
4336586
3569373
4296519
3599453
3962610
3727802
3756901
4251833
3940177
3913154
4290012
4294628
4337714
4046805
3883660
3874163
3717213
4337990
3815046
4018009
3592438
4290017
4151074
4294643
3720608
4336604
3946330
3940179
4222456
3870217
4308096
4109498
3940156
3698101
3671971
3671971
3840198
4138246
4231740
4337876
4031334
4231760
3913222
3709378
3652761
3767434
3603237
3983579
3966381
3677096
4331660
3586984
3556420
4253113
4012916
4154917
3788320
3736682
3954658
3986905
5108565
5230807
4801028
4810538
5010243
4749049
4749049
4749049
5267529
4377497
4377497
4679809
4679811
4902571
5250404
4810544
5010233
4826814
5219873
4401811
4838097
5140583
5324540
4791712
5048951
4562150
4770907
4385755
4385755
4490270
4838114
4838123
5270622
4801006
5003484
4770908
4516214
4407133
4407133
4826812
5331748
5331748
4553413
4810541
4945000
4955803
4955803
4873928
4810539
5054360
4385729
4385729
5031179
5031179
4791713
4791713
5310112
4558685
4627437
4873944
5108543
5108543
5108543
5108543
4397754
4385745
4385745
4385745
5219896
4866163
4648716
5031346
4849887
5267327
5267327
4922480
5285827
5285827
4685560
4914806
4490260
4808054
4808054
5251439
4852669
4963006
4771465
4385726
4385726
4946937
5061176
4955811
4955811
4955811
4849902
5276670
5260458
4634907
4741849
5155756
4749061
4465694
5112523
4946895
5286834
5140646
4957654
4957654
4957654
4866162
5061124
5010227
4702205
4600131
4613460
4994548
4867688
5098529
4569758
4944998
4963017
4638144
5031376
5031376
5004369
4873927
4800959
5098652
5200435
4961962
4951428
4777106
5098637
4699330
5003482
4901347
4914776
4490286
4852652
4800936
4858620
4995477
4734131
4935848
5230779
4995473
5311248
4407111
4407111
5161651
4401829
4902587
4379634
4454428
4426166
5098467
4804196
4974939
4974939
4739846
4994544
5273200
5031340
5010244
4665224
5303162
4585033
5084583
5064117
4946936
4873943
5001414
4672656
4585032
4732544
5201575
5303169
4426037
5277099
5319715
4490261
4739847
4656613
4541872
4475381
5339043
5306250
4433874
5084838
6177062
5527181
5756994
5756994
6141429
6145512
6145512
6145512
5527197
5350082
5350082
5350179
5488699
5488699
5597717
5597717
5597737
5597737
6085057
5922918
5896408
5896408
5896408
6106201
6106201
5708570
6030544
5350963
5596175
5596175
5670826
5967077
6078572
6146400
5880065
6176674
6127143
5940718
5940718
5894468
5894468
6156918
6191866
6191866
6191866
6191882
6191882
5896385
5896385
5896385
5896385
5795619
5747738
5747738
6145514
6145514
6145514
5531532
5531532
5531532
5893333
5722448
6056920
5843070
5943414
5956972
6177211
5551762
5788476
5788476
5865465
5620649
5620649
5633617
6176804
6141478
6148888
5820703
5820703
5820703
6148913
5892925
6176705
5932657
6176855
5949107
5670949
6176798
6156920
5864951
5864951
5864951
5343961
5343961
5343961
5343961
5343961
5343961
5844861
6017089
5586810
6156897
5994929
5929472
5791846
5692743
6143087
5924670
5697584
6176870
5488643
6139164
5396776
6156865
6144474
6156908
5978073
5620587
5620587
5409685
5756851
5756851
5803927
5658714
5895874
6157609
6167285
5612275
5534552
6156904
6143032
5454661
5697586
5761391
6142284
6175598
5834667
5697072
5932241
5825583
5440576
5996335
5759530
5759530
6176648
5901883
5864935
5575976
5696116
6053529
5943354
5633710
5821686
6033546
5665960
5967046
5825533
5445207
5938993
5781779
5603604
5725674
5935385
5821949
5470012
