6730886
6734192
6747770
6748046
6233845
6751925
6230562
6725627
6740437
6740446
6726972
6607428
6378780
6737132
6257136
6732671
6733812
6739183
6723898
6748112
6749551
6728842
6736742
6748236
6576687
6576687
6736810
6749498
6720378
6728250
6730638
6737450
6737435
6728970
6737679
6275548
6275548
6460137
6654587
6744694
6739210
6739580
6744015
6740317
6331755
6331760
6371540
6752049
6752384
6732708
6730891
6742156
6748682
6607484
6722802
6751928
6716958
6722204
6460158
6360582
6734621
6728950
6728956
6745413
6739590
6740933
6741966
6731391
6607433
6735794
6735027
6735576
6728497
6730152
6736792
6723013
6723789
6575680
6747712
6738198
6733526
6747203
6728244
6749856
6736778
6736780
6722161
6736665
6724312
6450614
6559898
6739951
6742350
6742558
6724796
6495685
6460781
6726277
6742877
6739389
6740297
6725920
6726372
6742312
6341238
6264680
6420290
6247160
6247160
6572184
6533467
6733194
6725178
6395062
6395062
6345578
6716960
6724597
6721891
6722294
6722317
6328595
6748956
6728762
6730457
6726257
6739384
6740285
6585642
6731384
6731387
6749039
6735789
6736724
6617685
6732672
6740579
6741275
6739189
6741038
6754240
6728457
6728501
6723871
6575681
6748834
6696606
6732042
6730350
6442320
6748653
6736661
6748662
6736433
6597657
6724164
6739201
6725134
6510739
6726062
6742872
6741166
6739388
6724063
6725316
6725931
6685611
6584653
6613947
6613947
6237746
6721570
6721789
6723023
6247152
6247152
6752055
6427433
6734304
6551502
6726216
6736674
6728755
6742402
6741218
6753214
6736704
6737134
6728838
6744654
6725963
6726154
6735028
6735587
6730334
6723799
6748835
6736822
6737253
6751863
6737177
6728462
6736419
6724174
6744898
6745166
6742354
6724789
6739387
6727132
6741260
6271003
6475461
6734648
6745381
6744729
6740862
6568797
6736671
6748860
6745059
6744579
6292905
6749023
6732669
6733933
6725958
6737382
6728702
6264633
6730704
6733380
6618491
6736777
6450784
6736425
6725585
6495684
6741146
6739572
6740313
6745322
6338997
6751686
6345452
6720816
6584865
6410124
6416727
6275850
6728765
6666640
6562776
6356409
6745835
6748273
6575692
6431599
6742859
6740967
6744833
6725711
6742311
6507138
6378474
6721685
6707688
6740457
6739382
6529881
6723879
6749495
6733773
6733884
6428377
6584830
6529584
6498189
6744028
6604478
6736686
6275633
6739381
6282854
6230601
6435876
6572362
6249059
6740843
6629697
6686726
2390055
3651118
255
784
733
1068
1763
1766
2258
2276
2278
2277
2289
2342
2515
2898
2911
2918
2973
2941
4889
5004
4997
5318
10099
6687
10265
6861
6902
6951
7081
7094
10404
10439
10475
10487
10577
10683
10942
11055
11158
11196
11363
11403
11405
11427
11534
11958
11963
7358
12025
12030
12033
12040
12134
12460
12373
12696
12747
12772
7455
7579
13105
13152
13154
13169
13246
7812
13316
13294
13374
13464
13677
13679
13692
13943
13949
13950
14044
14056
14239
14301
14554
14598
14599
14705
14597
8285
14945
15090
8330
15865
16218
16666
8919
8927
17171
17210
8928
17325
17356
17402
17408
17300
17576
17662
17711
17742
17747
18221
18249
9469
18506
18582
18585
18795
19379
19627
9968
20154
20160
20457
20564
20676
21139
21528
21721
22134
22139
22150
22250
22360
22297
22491
23167
23642
23853
23927
23994
24225
24528
24719
24851
24860
25093
25105
25115
25121
25256
25267
25129
25436
25445
25455
25597
25680
25696
25640
25952
25983
26005
26118
26187
26369
26677
27649
27694
28080
28147
28168
28275
28289
28446
28452
28461
28580
28606
28647
28869
28939
28646
28871
344
361
410
1056
1072
1245
1321
1170
1635
1759
2271
2267
2274
2326
2338
2511
2533
2373
2914
2938
5124
5241
5571
5758
6253
6374
6321
6324
10100
10136
10226
10359
10442
10476
10598
10587
10727
10740
11053
11163
11224
11635
11878
11878
11879
11918
11939
11875
11898
7339
12348
12441
12443
12588
12600
12918
12976
12979
13021
13061
13116
13196
7816
7825
7804
13401
13456
13457
13615
13674
7947
13886
7946
13936
13989
14028
14063
14594
14660
14815
14820
14826
15022
15101
15373
15808
15845
16076
16084
16089
16116
16202
16225
16265
16094
16388
8917
17311
17367
17401
17404
17419
17426
9019
17503
9035
17632
17659
17794
17836
18504
18556
18793
18801
18873
18900
18800
18990
9753
19090
19344
19382
19741
19784
20409
20734
20735
21511
22152
21926
22731
23102
23401
23233
23480
23738
23854
23991
24169
23995
24373
24721
25100
25104
25122
25273
25438
25642
25558
25713
25954
26037
26074
26116
26122
26162
26468
26689
27371
27486
27562
27536
27991
28000
28034
28274
28279
28448
28554
28578
28648
28471
28874
430
486
712
596
604
698
928
805
1070
1322
1426
1856
2245
2269
2273
2379
2487
2688
2687
2899
2897
4786
5246
5572
6250
6486
6854
7080
7095
10488
10504
10595
10636
7187
10791
10582
10590
10799
10693
10885
11084
11226
11332
11340
11404
11601
11626
11824
11873
11980
12001
12051
7386
12628
12785
7446
12956
13127
7760
13382
13604
13670
13807
13864
13680
13948
13991
14066
14524
8288
15038
15372
15520
15908
16081
16400
16414
16673
16913
16946
17008
17215
17342
17362
17407
17427
17378
17406
17673
17684
17789
17702
17856
17928
18255
18098
18510
18590
18655
18857
9743
9755
19161
19184
19315
19455
19679
20107
20161
20034
20211
20278
20880
20593
22143
22142
22256
22257
22396
22569
23858
25089
25111
25130
25264
25386
25106
25169
25447
25457
25478
25588
25596
25599
25715
25950
25957
26008
25947
26117
26433
26672
26782
26783
26676
27391
27561
27799
27895
27896
27989
28134
28271
28277
28278
28615
510
852
929
1069
1399
1433
1320
2125
2385
2384
2689
4609
4878
5353
5717
6540
6595
10221
10224
6659
10267
10522
10369
10454
7152
7169
10805
7150
7171
11225
11327
11647
11818
11874
11903
11956
12207
12016
12477
12576
12635
12748
12789
12808
7452
7457
12913
12972
7588
13020
13101
13124
13167
13188
7819
7822
13315
13378
13400
13407
13451
13497
13563
13808
7959
13958
14013
14042
14323
14382
14647
8145
15043
15271
15374
15421
15743
15948
16155
16387
16428
16664
16968
16877
17131
8932
17298
17310
17338
17350
17365
17735
17748
17792
17752
17927
17944
18444
18798
18815
19339
19579
19583
19604
19736
9927
20106
20382
20558
21370
22132
21952
23039
22568
22786
23224
23620
23872
23878
23847
23857
24116
23990
24171
25098
25128
25154
25269
25272
25383
25113
25452
25526
25893
25794
25932
26408
26558
26681
27243
27324
27345
27537
27859
27881
28044
28169
28050
28367
28565
28622
28626
28885
28644
29050
117
433
471
511
869
1067
870
1075
1337
1338
1650
2265
2934
3564
4426
5207
5216
6422
6690
6684
10272
10484
10597
10596
10588
10823
11021
11162
11610
11741
11751
11822
11871
11948
7352
12046
12050
12110
12391
12466
12345
12784
12634
12882
13079
7818
7808
7823
13301
13070
13109
13155
13257
7810
13409
13467
13601
13752
13845
13870
14026
14171
14245
14387
14559
14433
14596
14601
14659
14764
8259
8251
14878
15304
15521
15528
16059
16069
16114
16193
16373
16538
16834
8758
17046
17081
8859
17129
17155
9021
9031
17840
9137
9219
18503
18679
18695
18785
18806
19188
19630
19711
19734
19738
19990
9960
9977
20557
20561
20596
20686
20968
20951
21529
23032
22667
23218
23613
23614
24095
24506
24722
25091
25094
25095
25116
25123
25147
25249
25265
25268
25270
25699
25710
25937
25944
25940
25956
26061
26128
26294
26585
26875
27487
27744
27805
27968
28048
28439
28463
28627
28872
28888
425
699
484
463
592
807
1173
1324
2027
2279
2291
2489
2327
2386
4790
5312
5358
6520
6713
10229
7065
10296
10581
7170
10671
10681
10583
7279
10986
11123
11634
11752
11823
11955
11843
11870
11940
12055
12135
12186
7401
12182
12321
12333
12335
12338
12365
12410
12459
12525
12341
12356
12566
12736
12599
12880
7448
7451
12999
7730
13233
13258
7811
13304
13320
13118
13229
7828
13396
13406
13605
7945
7948
13988
14045
14064
14247
14262
14553
14564
14595
14642
14671
14897
15042
15316
15328
15344
16316
16404
16422
16433
16371
16555
16775
16977
8828
8874
17126
8926
8931
17250
17430
9032
17627
17665
17666
17806
17933
17938
17899
9224
18514
19186
19381
19443
19793
9962
20167
20431
20975
21164
21165
21200
21730
22144
22133
22176
22277
23033
22404
22503
22727
22768
22943
22746
23848
24253
24756
25096
25254
25258
25259
25454
25953
25961
26184
26670
26661
27352
27485
27568
27886
27889
27992
28007
28049
28165
28613
28887
28941
28633
28767
28884
343
644
936
2109
2124
2270
2275
2382
2445
2444
2910
5168
5210
6485
6598
6956
7083
10662
10663
10664
10778
7280
11022
11161
11249
11254
11347
11426
11611
11696
11425
11456
11608
12108
12128
12168
12183
12255
12322
12324
12369
12337
12390
12625
12688
12551
12867
7651
13091
13224
7748
13501
13558
13567
13606
13592
13916
14046
14062
14169
14180
14198
14320
14341
14592
14719
8155
14839
14641
14981
8304
15432
15660
15720
15876
8343
16548
16690
8833
17121
8906
17156
8910
8918
17355
8977
17500
17630
17657
17786
17788
17941
17830
9222
18143
18501
18649
19183
19457
9906
19706
19708
19748
19783
9933
9964
9975
20210
20460
20462
20559
20613
21155
21531
21373
21491
21719
21393
21704
21770
22129
22251
23023
22593
22605
22728
23398
23733
24356
24716
25088
25099
25103
25114
25153
25157
25260
25271
25378
25388
25639
25679
25681
25939
26034
26068
26123
26143
26240
26119
26353
26537
26718
26719
26920
26742
27246
27695
27946
28156
28170
28224
28405
28419
28425
28459
28465
28562
28574
28624
28649
28769
28487
395
682
665
934
777
1071
1254
1867
2268
2470
2458
3122
4470
4620
4752
5243
5715
5761
6495
6565
10222
10228
6893
7098
7145
7157
7156
10802
10845
10891
7265
7282
11398
11374
11336
11384
11573
11917
12029
12052
12125
12269
12291
12336
12344
12437
12445
12632
12659
12549
12936
12947
7642
13156
13174
13302
13335
13148
7807
13581
13700
13844
13849
14040
14161
14523
14929
14944
8239
15459
15949
16144
16405
16539
16540
16750
8764
16978
8897
17122
8913
17301
17280
17347
17353
17364
17403
17409
17429
17495
17312
17586
17635
17638
17643
17690
17745
17838
17930
18089
18539
18947
9810
9807
19631
19581
19605
19746
19861
9926
9932
20159
20876
20594
20680
21699
21879
22185
22375
23237
23882
24270
24328
24718
24533
24888
24988
25087
25090
25151
25155
25257
25261
25641
25795
25951
26007
25803
25934
26050
26063
26073
26279
26508
26630
27322
27771
27814
27888
28040
28375
28411
28457
28575
28671
28870
28811
29238
29879
30325
30508
30772
30809
30865
30878
31203
31660
32013
32934
33923
33999
34333
34558
34586
34748
34795
35049
35008
35121
35162
35427
35447
36016
36119
36487
37318
37582
38063
38357
39504
40454
40463
40470
41768
42604
43360
43269
45945
46077
46543
46570
48024
48694
48694
49308
49190
49509
50256
51171
53280
55630
55666
56961
58274
58742
30202
30304
30364
30597
30720
31012
31041
31419
31428
31652
31877
31985
32322
32502
32858
32950
32944
32951
33157
33022
33086
33367
33368
33779
33685
33763
33854
34030
33997
34321
34514
34837
34846
35420
36311
37770
37972
38343
38387
38387
38822
39520
40801
41110
41418
41797
44022
44896
46137
46494
46580
46582
46571
48815
51011
51174
52791
54095
54902
55559
55619
55649
56675
58293
29389
29583
29551
29697
29756
29757
30221
30305
30507
30625
30596
30883
31037
31386
31430
31743
32134
32395
33073
33252
33380
33668
33778
33910
34010
34018
34118
34329
34696
34844
35059
35070
35124
35115
36654
37136
37174
37593
38053
38377
40786
42008
43778
46383
46562
46577
46594
48255
51032
51071
50964
51168
52402
52862
56946
29197
29678
29692
29698
29755
29953
30509
30600
30817
30829
30833
31081
31594
31885
32634
32192
32135
32488
33129
33023
33493
33660
33991
34843
34845
35064
35712
35886
37994
39403
40233
40803
41056
41652
42200
42200
43295
43312
43426
43724
48546
48560
50881
53121
54116
56272
57471
58042
58148
58275
29395
29454
29453
29740
30014
30329
30697
30826
31721
31718
31928
31987
33001
33012
33013
33296
33838
33857
33855
33920
34475
34366
34428
34853
35036
35117
37292
37306
38345
38816
42435
42583
46564
46572
46607
46625
46597
46678
49913
54801
58371
58693
29157
29233
29321
29493
29758
29844
30241
30511
30512
30603
31102
31744
32050
32051
31988
32141
32320
32957
32952
33450
33496
33780
33938
33963
33837
33842
34113
34121
34332
34536
34882
34905
34879
35129
35584
35733
35928
36309
36441
37987
38768
42239
42267
42347
43307
43780
46590
47935
48539
48574
50802
51017
52848
54837
54859
55656
56009
56262
56329
57674
58277
58651
58661
29208
29201
29364
29355
29588
29685
29866
30362
30715
30694
30731
30746
30821
30827
31017
31078
31257
31265
31846
32008
32247
32494
32959
33273
33664
33743
33856
33912
33961
34007
34468
34706
34606
35043
35425
36477
37170
38001
38775
38824
39267
42258
42337
42377
42587
43344
43425
43689
43812
43854
44092
44913
45505
48862
49118
51139
51118
51220
52351
54101
54910
55592
55705
55710
57680
58036
58071
58179
58679
29185
29580
29875
30547
30920
31032
31034
31111
31123
31728
31970
32182
33280
33777
33742
33747
33919
33934
33852
34556
34856
35071
35424
35433
35619
38412
42280
42574
43265
43271
44901
47570
48674
50010
51177
52678
53670
54099
58365
61036
63054
63188
63190
65122
65668
65891
66571
66783
67534
67646
74657
76210
80665
81834
83698
84598
85024
85065
85457
86376
87872
91378
97511
99608
100841
102365
106894
106923
107188
110259
110916
110960
114386
116620
116647
117208
117214
117679
118701
119131
122698
122778
123099
124188
125930
126264
127455
127896
128239
130789
132776
132791
134254
134273
134904
137584
138126
138671
60147
60144
60700
60764
60953
61016
60979
65823
67524
68603
73260
74861
74855
75964
76423
76884
79463
79527
80489
83336
83702
84195
85060
86755
86809
92473
92801
93632
94466
96836
96872
98477
104933
104941
104944
105047
110241
110382
111780
112727
112833
112956
116391
117986
118717
118736
122340
122792
128236
128862
128862
132579
133401
134270
134306
61021
62772
65248
65877
66133
67176
67204
69288
72964
74801
74952
77496
78069
79151
80011
81611
85067
87252
93242
96262
99625
101514
101525
102547
103551
104304
110277
110393
112705
112911
112948
115137
115678
115714
115960
116101
117614
119897
121396
121412
122655
123515
123532
125261
126816
132565
133457
134291
134309
59496
60205
61285
62741
62812
62796
63035
63990
65821
66027
66080
67523
68382
69970
70723
71093
73240
76108
77420
79160
80027
80433
80677
81832
81874
82493
83585
83697
83684
85383
89901
90013
91464
91408
91943
92728
96123
98098
98512
101509
102369
102429
104939
104946
106007
106422
106613
111966
112699
116105
117581
118765
119637
119903
120740
125779
126060
127431
128222
129070
132573
134269
135031
135237
136432
136992
61113
62648
63160
64899
66072
77511
78850
79149
79981
80405
80425
80616
81851
82510
82527
83342
83597
85052
86161
86744
87261
87299
87699
90007
91952
94643
96455
97098
98522
99622
101836
102444
103801
105913
110254
115399
117468
117479
119121
119900
120735
121948
123562
123594
128349
128351
130763
132526
133460
138339
138346
138659
138662
63201
63502
65913
66008
66009
66587
66781
70721
72792
74842
75653
79144
79533
80326
80466
83675
86486
88086
90004
93221
94625
96186
96469
96842
96970
98073
102372
102377
102514
104790
104957
105037
106014
107489
107492
110977
111004
111910
112694
112847
113070
115141
117457
117464
117646
117927
121131
125775
126231
128842
132435
134248
134264
135007
135727
136372
137663
138683
138948
61008
61019
64599
65061
65782
66759
67157
68699
69599
74802
74853
75962
75995
76382
76428
80771
81596
83298
83662
86800
88119
88104
90285
90322
92430
92954
96192
97522
98164
106599
109879
110952
112963
115711
117650
118855
119601
120742
120752
121126
123291
123669
128228
128451
134201
134261
137907
138656
60974
61337
61804
64698
65810
65855
67207
67508
67606
75550
75690
77418
77433
77534
79551
80041
80446
80452
80416
81979
82455
82520
83310
83320
83560
83685
88417
88419
89940
90011
92354
92788
97493
98083
98944
101523
101542
104931
104949
106431
106678
110955
115331
116050
116639
119139
121423
123706
125246
125257
125778
125813
127729
128188
128859
130133
130706
132442
132446
134217
144164
146398
146665
146683
146743
146690
147170
148016
148042
148044
148066
148824
152005
154332
157057
157660
157888
157897
157904
157917
157936
157937
157993
157944
158201
158245
158205
158227
158253
161409
161400
161822
164707
165586
165613
166449
167946
168464
168651
171052
171225
174491
175281
177833
177871
178823
180792
183606
184159
185566
185832
187794
189123
189180
189185
189317
190764
194365
194457
194475
194594
199354
200412
201195
201773
145795
147325
147729
148038
150451
150440
153114
153789
156420
157671
157606
157862
157895
157903
157975
157981
158169
158189
158203
158246
158255
159632
160198
160581
160587
160636
160638
161396
161413
161417
163499
163781
164433
165566
165671
166195
166433
167781
168281
168468
168642
169644
169645
170229
171214
171296
171910
177430
177876
178005
178473
179743
182314
185288
185310
185666
185694
186507
186991
187936
189148
189151
189155
189476
190984
191245
195778
195784
198148
199059
199141
199359
199659
199670
199973
200345
200405
141372
144235
147327
147917
148054
150110
150415
154082
155872
157930
157972
157940
158197
158223
158232
158240
158134
158241
161066
161793
161834
164227
164399
166419
166652
167933
168283
168342
171216
171217
171835
177844
178222
178225
178465
178506
178853
179854
181495
183189
185379
185656
185660
187022
187319
187796
188977
192102
192999
194487
195793
195875
195799
196889
196882
198989
199142
200403
201776
202738
202786
203631
142551
142573
143396
147173
148243
148723
149493
149998
150446
150455
153058
153996
157948
157952
158000
158160
158163
158254
159518
160607
161380
162710
162753
163489
163786
164360
165112
165651
166435
169608
170068
170079
173775
174546
177852
177829
180824
181336
182056
183896
185659
185826
186971
187007
187333
188976
189160
189190
189870
190638
191217
194456
195774
195796
197619
197982
198098
199365
141284
141355
141359
143687
144447
144951
146396
148049
148068
148110
148124
148137
148278
150469
151834
152949
155858
156092
156359
157086
157618
157655
157870
157950
158171
158179
158221
158149
158247
158251
159706
160287
160615
160623
160632
161388
162371
163594
165593
165607
165619
165815
166416
166412
168275
168471
168999
169213
170115
170223
170227
171904
172290
172363
173776
173897
174710
177603
177840
177866
178467
178510
180150
182053
183110
183255
184429
184584
185651
185827
186945
186984
187012
186977
188213
188576
188980
190903
191849
192813
193021
194469
198981
203626
203746
140835
141150
141980
145365
146305
146679
146732
147782
147982
148135
150018
151457
154345
155877
156995
157859
157892
157987
158185
158191
158209
158212
158235
158250
159731
160601
161027
161392
163486
164226
166353
166446
166800
167905
168448
171219
171221
172311
173116
175371
177435
177861
177883
181003
184626
185563
185641
185821
186964
186967
186999
187010
187465
188971
188983
189319
192062
195786
196952
198977
200189
200350
203622
141992
144486
144952
145354
146213
147103
148125
150006
150097
150208
151430
154077
155867
157664
157675
157905
157926
157951
157954
157959
157958
158137
158144
158216
158819
160627
161404
162112
162123
163599
164078
164713
165282
165285
166338
166374
166344
168445
168664
169712
170876
171008
171880
172296
172298
174547
178478
182518
183608
185240
185468
185498
185406
186498
186517
186981
187040
187047
187909
189310
189361
192007
192338
192419
193286
194690
195651
195813
196885
196997
197238
197974
198102
199055
199362
200355
200567
201202
202747
141378
143395
144982
145349
147295
148115
148130
148139
148714
149170
150010
150191
154938
156410
156438
156983
157651
157881
157907
157946
158141
158187
158194
158239
158146
158249
158258
158807
159708
160585
160610
165599
165602
166390
167897
168667
168861
171831
171907
173902
174383
178503
182057
185637
187332
187521
187798
191202
192391
193440
194452
194466
194480
196485
196921
196990
197987
198984
199045
200198
200408
202237
202752
204971
206416
207189
207160
207193
210624
210780
211814
213458
213734
214567
214597
214606
215137
215144
215540
216431
217266
217322
218802
218756
219082
219192
220261
220266
220297
220300
220992
221806
223916
224744
224749
228798
228804
228931
228977
229009
232031
232350
232876
234150
234193
234936
235236
236591
236639
239998
240596
240639
241318
241440
243478
245088
245099
247690
248642
250700
250705
250774
252573
253146
254308
254748
254781
254793
254801
254825
254835
254839
254920
256123
256334
256485
204183
205286
205356
205427
205633
207126
207182
207187
207324
208593
209786
209782
211705
212939
213984
214221
215136
215141
215542
215577
215720
216362
216826
217112
217142
218624
219971
219979
220184
220943
220945
221184
222177
223046
224322
224750
225063
225741
226781
228920
228966
229215
229730
230120
232847
234156
234170
234173
234975
235817
236627
236641
240002
241859
242260
242304
242396
242791
244491
244799
245750
245808
247674
247722
248293
248641
251372
252950
253612
254295
254768
256320
204131
204536
204804
205295
205446
205461
207158
211385
211690
211795
212998
213959
214062
214078
214095
215114
215139
215599
215606
216379
216383
217101
217136
218506
219621
219821
220270
220320
220574
222149
223243
223922
223950
223954
224756
225350
225332
225440
226763
227108
228132
228531
228794
230124
230638
231367
231872
232871
234017
234151
234555
234917
236600
236604
236633
237195
238533
238745
240593
241127
244982
247604
247625
248880
251383
251981
253571
256413
256467
204188
205453
205674
206028
206421
207179
208606
209056
211840
211886
211895
213461
213875
214594
215121
216990
217053
218210
220967
221473
221535
224418
224477
225051
225621
227938
231381
232882
234145
234146
234166
234202
234725
236607
236616
236772
239237
239687
240423
241442
242398
242408
242550
242929
244427
244932
245577
245772
245851
246216
247636
247689
247730
251370
251951
254915
255086
256426
204532
204986
205407
205416
205424
205432
205436
205455
207134
210626
212316
213657
213662
213683
213992
214725
215558
216830
217122
218634
219080
220981
221183
221300
222359
224414
224474
225638
228155
228985
229015
229524
229727
230051
231378
232879
232880
234147
234164
234172
234197
236609
236613
236636
237907
240110
242390
242402
242406
242409
242609
250667
254893
254903
254879
255079
255083
256429
256456
256461
204994
205411
205460
206129
207327
210705
210698
211305
211686
211869
211898
212281
214005
214071
214223
214565
214824
215275
215538
215560
215612
216236
216462
217127
218050
218972
221232
221308
222147
222157
222317
223750
223912
223949
224452
224468
224455
224603
225320
225744
225748
228791
228807
228808
230233
231105
231109
234127
234144
234155
235194
236594
236596
236612
236628
239713
240108
240440
241138
243471
244496
244763
245786
247589
247661
247695
247705
247869
252583
254005
254774
254847
255686
256410
204850
206767
207170
207254
207329
209052
209922
211873
213652
215117
215583
217120
218232
218619
219085
219069
219618
219974
221533
222189
222687
223218
223927
223940
223945
224456
225476
225756
225890
225918
226777
227102
228152
228797
228805
228881
229765
229980
230235
231291
232766
232845
232850
234126
234945
235051
235196
236590
236605
236624
236644
242312
243405
244435
245498
245839
246222
247672
247678
249370
249695
250712
250854
251199
251452
254776
254834
255119
255488
256489
204668
204961
205156
205280
205301
205275
205669
205679
206948
207167
207186
208732
209616
209931
211450
211819
211849
211876
211889
212274
212419
213679
213728
214075
214228
214601
215554
215707
216368
216433
217178
217335
218203
218216
218618
220260
220312
220344
221178
221228
221241
221243
221475
223202
223221
223923
224753
225337
225340
225354
228962
229733
231436
232037
232216
232916
233161
235515
236614
237496
239348
239993
240582
241319
242399
242421
242789
242776
247658
250692
250695
250690
254844
256323
257161
257188
257198
258860
259430
260176
260258
260875
261133
261205
262140
263539
263856
266972
269403
271085
271094
271134
271183
271192
271172
271509
271552
274586
274619
274780
276424
276456
277688
277716
277645
278359
279577
280452
281094
282307
282482
282486
282516
283069
283131
283147
284338
284593
287471
287496
287705
287710
288408
288691
289183
289383
289590
290857
290985
291010
291122
292796
296925
296938
296885
297782
297790
299354
300966
301230
302948
303368
303707
303972
303978
304109
304127
308278
308647
308806
309011
309826
257159
257825
258178
259790
260204
260320
261098
261108
262057
263483
263558
263733
266381
266908
266934
268985
269842
270883
271103
273305
276407
276427
277703
277641
277637
278293
281894
282509
283088
284586
285006
287406
287487
287539
287625
287664
287650
288415
288570
289021
289108
289116
289673
290973
291038
291054
292008
296923
296949
297232
297745
298239
298258
301086
301251
301802
303371
303903
303925
303969
304063
304122
305160
306510
307922
257194
257317
258477
258493
260157
260175
260340
261117
261201
263507
263535
263549
263572
263858
267033
268939
271111
271194
273295
273323
273331
273274
273820
274163
274616
274625
274629
278343
278517
278450
279534
280597
282590
283116
283119
283156
283841
284098
284118
284681
286883
287599
287616
287647
287659
287707
288385
288682
288709
288727
289120
289379
290769
290784
290838
290969
290987
296919
297712
298255
298642
298653
299693
299925
299942
301059
302311
303991
304116
304129
304117
307208
307926
308072
308075
308668
309017
257175
261051
263510
263523
263533
263571
265603
266862
266895
266965
267012
268988
269409
270844
271109
271161
271169
271200
271725
272131
273315
273326
273825
274575
274782
276460
277223
278505
278515
279631
279642
280211
280588
281009
284161
284319
284308
287565
288829
288904
288897
289649
289743
290922
291049
292807
296912
296920
297772
297774
297832
297891
298035
302280
302294
303369
304023
304034
304029
304139
304221
304090
307189
307205
308078
257899
258162
259045
259630
260167
260350
260656
261105
261040
262144
263525
263771
264637
266899
266931
266997
267004
267009
269831
271101
271154
271156
273313
273829
273830
273831
274589
274608
274618
274736
275796
276481
277676
277610
277696
277668
277729
278350
279567
279602
280220
280331
281108
282544
283075
283136
283564
287656
287657
288417
288445
288877
288928
288939
289026
289103
289124
289146
289154
289637
290854
290945
292825
293242
294958
295080
296953
297705
297793
297813
297826
297852
297900
298032
298200
298224
298650
299718
302211
302267
303887
303938
303943
304084
304105
304108
304170
304119
307598
307728
309031
257076
257179
260202
260255
260272
261046
264633
266953
266979
266902
267018
269837
271104
271173
271176
271178
271500
273471
273521
275635
275726
277655
277690
277693
278271
278522
281110
281130
282494
283064
283177
283350
283581
286469
287484
288410
288650
288655
288735
288744
289660
290955
290980
292809
292813
297760
297821
297833
297848
297983
299712
299895
303557
303880
303881
303982
303986
304056
304064
304098
304112
304159
305256
307211
307919
308663
308674
257028
257201
257344
258169
259424
261613
263537
263842
263851
268450
268944
269406
271122
272683
273847
274570
274606
275646
277030
277221
277643
277671
278280
278330
278369
279554
279557
280456
282311
282507
283060
283096
283126
283150
284343
287557
288388
288441
288460
288685
288720
289127
289139
289036
289110
289564
290881
290910
290937
294216
296917
296947
297840
297860
298246
298265
299647
299652
299661
299694
300559
301036
301053
302297
303367
303899
303967
303997
304060
304915
304944
305171
307182
308067
257163
257167
258480
260338
263530
263575
263563
263789
265196
269846
271097
271128
271158
271187
271557
273297
273308
274565
274579
274620
274635
274637
275582
275618
275623
275632
276485
277685
277684
277720
278452
280579
281078
281132
281748
282315
282319
282496
282504
282533
282564
282585
283086
283141
283706
284342
287504
288384
288404
288449
288716
288738
288814
289089
289164
289494
289634
289635
290950
290963
292201
296801
296915
297756
297785
297818
297897
298240
298989
299699
299899
299938
301915
302260
303365
303754
303878
303883
303901
304079
304019
304069
304092
304114
304677
305983
307214
307947
309390
311145
311938
311938
311953
313863
313939
313986
314005
315086
318383
320671
321945
322230
323203
326209
326729
327897
327900
330063
331654
332402
345176
346019
349289
353698
353704
356157
358478
361081
361802
364094
364432
364617
364644
310707
311552
311991
312531
314561
315060
315343
318377
318564
320739
321290
323191
323199
323417
330677
330707
331477
332397
334591
335697
337552
337541
341580
348440
353675
354965
357085
359830
360487
361112
364731
311304
311860
312900
313802
313814
313999
313999
314566
315500
319186
319186
320836
322229
327892
334482
335642
337526
338765
341595
341866
346980
348703
349913
352088
357075
358485
358528
361875
362518
362884
364092
365057
365177
311509
312915
314786
318459
318518
319493
319600
322461
323396
323534
331489
331700
332405
333577
335830
337599
343977
345677
346976
349313
349304
349329
351007
353713
355100
356163
358370
361077
361943
310334
310896
311542
311548
311905
311905
311914
311914
313800
314096
314570
316617
317373
318560
318472
318523
319623
321298
322490
323158
323166
327765
327895
327902
331482
334632
334694
336064
337532
341361
341596
341676
341851
341875
345064
346506
349330
351699
352265
353861
354553
356147
356248
359828
361116
364101
366551
366710
367742
310718
310899
310902
311293
311472
312537
312918
315345
318326
318952
319113
319694
320366
322290
323415
325424
330674
332393
333004
333011
336159
337548
338727
339359
341585
341588
343847
348711
350501
355591
355732
356216
361102
364109
365063
367738
310326
310456
311321
312894
313928
314757
314784
318441
318464
319208
322434
323155
327894
328058
330703
334622
334702
334781
339280
339358
341301
341591
342545
346445
347602
347636
349254
349332
350987
351701
352180
358117
358472
358488
359539
363609
364635
364646
367734
367748
368030
310864
316168
318374
318399
318401
318449
318510
319021
320841
320902
325499
328034
331485
332666
333041
333578
334600
334697
338824
339357
341601
342536
345226
346089
346098
347650
351696
353710
353689
354714
356517
361068
364111
364606
366091
369074
370110
370532
371550
375639
378180
378888
380112
381303
381434
381802
385396
386284
390660
390686
396308
398937
405050
408902
409294
410264
412464
412519
416037
416046
417493
418119
420751
420790
421924
423952
430237
430253
432197
370122
372192
373927
374203
374378
375636
376633
376927
377813
378191
385394
387352
390674
392634
393836
393857
395770
399342
407559
409286
411209
412025
416059
416059
418076
423769
428702
434346
368743
369790
370571
372256
376620
377246
378184
379311
381621
385367
387233
388001
388608
392426
393138
393843
393911
394315
395651
398322
398938
398943
399126
399262
402393
402433
411771
412539
412564
412577
417499
417498
420761
421259
421438
423852
428516
429173
431922
433400
434836
369714
370096
370580
370580
370899
372748
374103
374210
374564
375623
375912
375958
377217
377511
378376
381291
381789
387494
388663
390682
390698
393907
397093
399135
399252
399267
400787
402387
408897
412524
412543
412570
416072
418098
419719
420796
420809
423975
426345
429167
431956
431962
432172
434131
434142
369338
369333
370099
371556
374169
374528
375613
375618
375940
376685
376928
377236
378193
385761
392356
392402
392438
393876
393913
393921
393933
395216
395644
397214
399270
406287
406296
406283
408612
408702
410205
411194
412556
413869
416031
421737
424763
428691
368837
369305
369319
370575
374092
374684
375686
381284
385247
385369
387487
390703
392412
393854
398636
399018
399023
399031
399120
399145
399350
406264
406432
407919
408715
412547
418054
420795
421472
423021
423102
426341
428495
428697
434125
434128
369805
370097
370132
371566
372743
375882
377243
380359
381282
381601
382181
382344
384479
384483
384503
384755
385382
387148
387455
387458
393851
393928
396595
402422
406276
406349
406356
412532
414855
415999
416025
421403
421404
421740
422756
423818
423839
428070
428111
430255
431985
432183
432713
434114
371181
373898
374105
375140
376617
376626
377214
378890
381441
381818
385253
385375
387153
387462
390669
392433
392382
393846
393832
398423
398947
399194
399348
399385
402413
404552
404723
408584
408909
411168
412505
412512
412560
413856
416239
420743
421684
421758
423822
425828
429573
430522
435832
438209
442851
445785
445795
446365
448756
449156
449444
449429
451945
453549
458397
461753
465794
468790
469543
470141
473079
473543
474014
474237
494658
502746
503085
503320
435838
435976
446876
446892
446903
446904
449088
449443
464895
468473
470794
473602
479499
485101
494416
495392
495694
495673
498243
500534
503279
503341
435602
435828
440091
444438
445256
446033
446641
457201
463974
464172
469843
471488
473623
474228
480479
481341
487721
496019
496868
499038
499144
499353
502145
502627
503204
434932
440145
440202
441176
444117
445551
446536
446857
450929
451954
457191
461964
464899
466167
467768
472400
473764
474247
474606
475227
475383
478844
485088
489909
489996
494216
495402
495466
496739
502151
503243
440094
444024
445440
450671
458413
461151
462135
462448
462459
462722
468705
469559
475236
475645
479727
484017
485083
486824
488910
491523
492790
495691
503333
439654
440204
440867
441532
442024
443457
444014
446649
446881
446915
448104
448146
449405
449452
458457
462688
463972
466131
467030
468673
469831
472405
475245
475304
475640
476374
487654
489179
490192
492011
492494
496683
496759
496870
502022
503313
436020
440130
440197
442854
444451
449434
450673
457177
458449
463387
463968
472403
472511
475223
476687
479504
481335
488195
490113
490946
492435
496675
496680
502139
503318
438281
439136
440043
444089
449164
449819
464131
465778
468441
468677
469834
471493
481683
488883
489875
490093
490405
490699
496676
498286
505156
514795
514903
516299
517133
518315
518518
523331
523737
524457
526523
527898
527899
535459
538548
540318
541247
545570
554749
555939
556808
556808
558047
558047
504162
504933
506054
509377
511514
514798
514796
517137
524995
527906
531799
531885
542900
546616
548738
548781
549299
558040
506029
507265
507348
509162
509370
509443
511511
513962
514073
514800
516696
517182
517246
519006
519156
520266
522319
522360
523297
523328
523339
523377
524191
524989
525028
526007
526516
527901
529506
529506
531399
531755
534959
536743
540766
542084
545350
546843
547608
548866
552909
555010
555010
555306
555306
556806
556809
557427
558051
558625
509432
511505
513981
519129
520673
523301
526049
527689
531759
548849
549376
549424
550611
550928
550841
550841
558021
508980
509345
514016
514793
514873
515006
517795
517985
518344
523324
527455
536217
538129
543424
549238
555302
558516
560690
507234
509371
512539
513183
514792
514802
516265
517128
519905
523343
525461
526011
526397
526878
528076
529504
537219
540315
540363
541143
541603
542408
544809
546778
547133
549784
555252
556811
556811
560494
561933
509439
513043
513843
515067
515311
516267
516304
518299
518327
518377
524459
525038
525263
527444
527702
528002
528411
538829
540320
548021
552331
553574
560880
562052
515051
518397
525295
528187
549321
552340
553760
555167
555309
555312
556848
562754
564662
568176
579513
579513
583485
589628
590365
590367
590373
590737
593390
597112
611935
611942
613407
613539
619531
628760
634879
636913
640780
640785
656644
566106
566459
566862
568159
568167
568184
568206
572176
575424
575424
575424
581679
582249
590362
593387
601342
602648
604200
611857
611930
635426
635458
642500
643863
646845
575437
575521
575998
579501
604175
611923
621015
623701
625615
633370
634768
634888
642520
646779
648662
654081
654517
562948
564672
568153
568171
568180
568214
568633
568634
575420
579494
583184
590371
590931
594559
594755
602611
604092
611050
641811
642354
642359
649503
649503
564645
564695
565111
565241
566072
575513
575569
582888
588555
590359
592073
594747
611945
613548
620371
633347
635116
639577
640781
643721
654852
563281
564638
571184
574574
575347
579490
593512
600073
608230
608288
611847
625085
628750
631070
631070
631840
650300
654829
568197
575528
576002
576913
581718
589679
594715
594759
600437
604088
608178
611925
621997
623120
623989
634748
652362
564651
568187
575506
576007
578535
580501
583174
589095
589620
593504
597191
602606
602608
608198
613546
619760
622980
625547
628829
635403
645262
647765
654843
656472
757182
789656
770620
780775
701432
692764
692767
692767
753067
746755
722182
666260
683607
719872
778524
766177
754987
793217
658558
747167
754864
732560
745112
745121
726752
746879
692882
673775
790260
751389
747169
746629
780930
766109
699891
700310
762855
687481
746808
692959
746310
683610
787712
797834
717635
770614
699060
752835
742949
727225
752611
747135
757771
754931
775437
664299
740720
763900
663348
724239
746470
746483
763239
743469
664345
746799
746317
740970
775588
666242
670503
769540
687476
790616
746155
740707
678553
723835
746569
709807
771527
772189
742631
740298
754850
774844
668896
732528
726185
731527
746807
680124
668618
709477
777181
771482
747069
747124
747184
755462
658649
666325
680846
663150
751186
753842
755150
740862
742803
791768
771519
790294
779040
772311
775426
745684
761218
746633
760986
758878
746685
772301
664311
726728
746803
732453
752314
752890
729414
777172
692760
748717
681059
668971
754430
681434
764977
697499
781221
666043
707381
678500
781454
748473
755721
746166
746494
755388
746358
746358
707320
746671
751562
666297
726191
753805
753833
790643
790281
726723
661559
746992
787903
740171
754422
764963
723253
679809
794508
746612
753865
746417
680325
751580
681444
748690
754612
747049
755353
666264
769011
700362
679261
692338
748551
690424
663814
663282
722178
715314
756888
721001
781215
771525
752600
785725
747366
681452
780809
760715
746435
754620
748798
748910
697500
747195
704237
771487
790394
790271
725310
778988
745627
677943
681105
752757
680234
743689
893262
885135
811037
801700
875032
952154
857513
857513
801720
844750
904729
827030
819300
832154
819734
811411
928622
837193
919866
897514
888624
855128
909981
904163
820658
820653
820668
864546
811431
802112
900180
887611
891759
899936
914412
876858
819162
864358
832094
833068
870074
828689
954935
819746
800557
823270
799661
862150
928478
924384
919914
887634
933832
809888
866406
840208
918894
899937
813997
840213
931595
845350
926133
844897
799590
834105
835405
954140
824849
930555
925289
864543
819261
912837
876873
800551
947571
916602
947049
799642
820783
835411
800544
818924
904173
829879
861561
840556
864000
887613
884131
839166
954979
833487
908489
952155
813380
810928
821888
924867
845356
800608
908729
820649
840558
809254
800546
822736
925257
871360
811422
804629
899336
800565
876871
863856
965041
835400
908349
800560
819114
820145
820643
829523
835993
817852
902842
811074
833481
852713
803728
908812
857515
957466
920264
938052
800563
800572
800623
931859
865480
813327
925282
874402
904117
904174
824852
800826
1050112
1202067
978977
1003957
1057104
1210755
990673
1141824
1057105
1174233
1061347
1256911
1078751
996445
1059326
1031744
978304
979120
1210753
1078754
1050107
1050110
1045539
1031625
1016262
1061998
1133455
1053892
1078762
1057080
1178705
990674
1050081
1192190
1006186
1080846
1050114
1130504
974258
974258
1045378
988457
1100644
1032540
1066426
1060615
997202
1055523
970494
1061861
1035087
1033390
1050077
1052880
1256910
1202072
981898
1113063
1052882
978302
1053893
1220681
1250428
981896
998057
1100603
1192244
1016061
979088
973011
1160907
1108813
1056229
979377
1035826
1060695
1056224
998094
976924
1210754
981897
1000357
1052890
988803
1157910
1057052
1057081
1192188
1074415
1422415
1407624
1349454
1407268
1456292
1541742
1523468
1349446
1349439
1460392
1349453
1465082
1441168
1495346
1495346
1519763
1519763
1317633
1284926
1276225
1293707
1449489
1513484
1172879
1327202
1555783
1458030
1298167
1349750
1349436
1365322
1317524
1309364
1349451
1349448
1276284
1321246
1544409
1349456
1460388
1482581
1385954
1287084
1464231
1349455
1271233
1387969
1711498
1913148
1670255
1888850
1675938
1804444
1779797
1685996
1730036
1901785
1664138
1621479
1890140
1623515
1723078
1666121
1673961
1711533
1717017
1664438
1810766
1711491
1612116
1623514
1680385
1719480
1711506
1732857
1851733
1711505
1729696
1675962
1581187
2210599
2392146
2328800
2004304
2071804
2112878
2334691
2097844
2162357
2210614
2176945
1995973
2297493
1821178
2230846
2348478
2231123
2278821
2328812
2210610
2192964
2222963
1976504
2361450
2150825
2348477
2348477
2251798
2231135
2341596
1982207
2254949
2193953
2210616
1985458
2003316
1976521
2210600
2119773
2150749
1969273
2338449
2042626
2264070
2192946
1970011
1946555
1981145
2076644
2115791
2338306
1976502
2263427
1977055
2115789
2361466
2099324
2297509
2004219
2142460
2163717
2246141
1946556
2121010
2334896
2299563
1946558
1999354
2135882
1994929
2069661
2020758
2009008
2316140
1994935
2005704
2182294
2341597
2163607
2119775
2270762
2452703
2510440
2577029
2702777
2777760
2480694
2675981
2592333
2791997
2633100
2337179
2885735
2645542
2873438
2702778
2459139
2526844
2534367
2764658
2480669
2873439
2505402
2524682
2501087
2427131
2467831
2491933
2764989
2578247
2720779
2645541
2755938
2564353
2702764
2578281
2447567
2645789
2396830
2782849
2885733
2674277
2703485
2689905
2645572
2603331
2844629
2561733
2465594
2622575
2765712
2500191
2425206
2463196
2578282
2595728
2507487
2430108
2831298
2757387
2697674
2804190
1413864
2645637
2628883
2707912
2703512
2534378
2763281
2742144
2490993
2400995
2438106
2497853
2888796
2617539
2526858
2883100
2502597
2679148
2782829
2820703
2392868
2624746
2935848
3428792
3030271
3487103
3487103
3165371
3165371
3108566
3487123
3487123
3402995
3096961
3428790
3023802
3181456
3289293
3289293
3037376
3514500
3181455
3181455
3134127
3134124
2918936
3208898
3533906
3523594
3428755
3170177
2999615
3269181
3530632
2994416
3037378
3040117
3530618
3530645
3096959
3199749
2973798
3161630
3199735
3533907
3523590
3362400
3523577
3516781
3402996
3077301
3236320
3165347
3144829
2939009
3165348
3030268
2957098
3533867
2943689
2903656
3272631
3299630
3267880
3369449
2971831
3167303
3530889
3530889
3267881
3527262
3369446
3035141
3111781
3020593
3082348
3274366
2918943
3008502
3026884
3349771
3362401
2982748
3085330
2994431
3896045
4337877
3642248
3642248
4226462
3940175
4174312
3896044
3913234
3982805
4308098
3662391
4128627
4027347
3722195
4265369
3946320
4020375
4302699
3883642
3815022
4012140
4012140
3677107
4181910
3887949
3887949
3940152
3696988
4337735
4317315
3940155
3962625
3940180
4081199
4336586
4296519
3599453
3727802
3631897
3756901
3913154
4290012
4294628
4337714
4046805
3874163
3724437
4290017
3940154
4336604
3671970
3606786
3870217
4308096
3913157
4151067
4109498
4337989
3679672
3840198
4138246
4317244
4337876
4250989
4031334
4004760
3717210
4231760
3940178
3913222
3709378
4329803
3693305
4012158
3954657
3677096
4331660
3752996
3788320
3736682
3767457
3556419
3954640
3986905
4838095
5108565
5230807
4801028
4810538
5010243
4925516
4749049
4749049
5267529
4630111
4679809
4679811
4902571
5250404
5260625
4810544
5010233
4826814
5219873
5067426
4401811
4838097
5140583
4385771
4385771
4791712
4791712
4770907
4490270
5286885
5286885
4838114
4838123
4801006
4869364
4770908
4516214
4826812
5243119
5243119
4680690
4746574
4558700
4810541
4742777
4945000
4955803
4955803
4873928
5285719
5285719
5285719
4810539
4385750
4385750
5031179
5031179
4791713
4791713
5310112
4385811
4385811
4627437
4924320
4873944
5108543
5108543
5108543
5108543
4859987
4397754
4385762
4867702
5078001
5078001
4385745
4385745
5219896
4866163
5031346
5105218
5329829
5329829
4849887
5101399
4824982
4914806
4702227
5251439
4852669
5039249
4960350
4922479
4963006
4946937
5061176
4955811
4955811
4955811
4849902
5276670
4645849
4777113
4634907
4702228
5018286
4749061
4465694
4729827
5112523
4946895
4385769
4385769
5140646
4866162
5061124
5010227
4702205
4613460
4994548
5098529
4946896
4569758
5338604
4944998
5013224
4963017
4638144
5031376
5031376
4723040
4946935
5004369
4873927
4800959
5098652
4961962
4951428
5098637
5200429
4585096
5003482
4727713
4901347
4914776
4852652
4800936
5114025
5222818
4858620
4995477
5230779
4902572
4902572
4995473
5138318
5311248
5286954
5286954
5161651
4401829
4902587
4454428
4838223
5098467
4804196
4994544
5273200
5243278
5243278
5031340
5010244
5303162
4585053
4794812
4946936
4873943
5001414
4475868
4732544
5201575
4720409
4688919
5092043
5277099
4617053
4617243
5319715
4490261
4449869
5250151
4541872
5084838
4994444
5527181
5756994
5445101
6145451
6145512
6145512
6145512
5691027
5795570
5801921
5864408
5644586
5644586
5644586
5527197
6177002
5350179
5488699
5488699
5597717
5597717
5597737
5597737
6085057
5896408
5896408
5896408
5996172
5350963
5401852
6017951
6017951
5967077
5649766
6142978
6127143
5644581
6023404
6023404
5659740
5894468
5894468
5935521
5935521
6156918
5633639
5904549
5904549
5884313
5991152
5991152
5991152
5595588
6191866
6191866
6191882
6191882
6191882
5896385
5896385
5896385
5896385
5719833
5719833
6145514
6145514
6145514
5722448
6056920
5943414
5708519
5865465
5620649
5620649
6176804
6064624
6064624
6141478
6135580
6135580
6148888
5820703
5820703
5820703
6148913
5761253
5892925
6176730
6176886
6146425
5932657
5949107
6176798
6156920
5875382
6037704
5735752
5852983
5343961
5343961
5488680
5488680
6017089
5672723
5375941
6156897
5994929
5929472
6153064
5398029
5793065
5793065
5793065
5793065
6177272
5924670
5697584
6196606
6156865
6156908
5620587
5620587
5390232
6176830
5842969
5756851
5778187
5754516
6157609
6156904
6036268
5543857
5454661
5508270
6121543
5548180
5697586
6142284
5969706
6175598
6167248
5697072
5932200
5932200
5825559
5427646
5695364
5440576
5692966
5996448
5847810
5829666
5375940
5864935
6106949
6202277
5962723
5846890
5385120
5696116
5980051
5943354
5633710
5662237
5818741
5498469
5375932
5996284
6033546
6141493
6176965
5725459
5967046
5350320
5912356
5938993
5697379
5999435
5935385
5821949
