6275663
6685089
6378458
6275933
6754036
6685023
6673183
6692524
6584693
6604480
6475461
6734648
6581427
6533443
6669669
6529987
6529584
733
10475
10679
11534
11592
11591
12813
13054
15973
16635
17742
20564
21721
22134
25267
26686
27117
27418
28065
28286
29072
6321
6873
10476
10600
11581
11582
11918
11984
11875
11898
12441
12915
12975
13104
13584
13989
14660
17426
17504
17646
17774
18793
19740
25117
25273
25993
26705
27563
596
6860
6854
11609
12086
12530
12624
12679
13297
13382
15434
16509
17407
17427
17406
17790
25089
25946
26782
27116
27116
28047
1069
11082
11818
11874
13124
13986
14382
14789
15659
8829
17501
9174
9741
19821
25154
26408
27565
28626
471
10294
10589
10599
11457
11597
13019
13079
13070
13595
13635
14387
14433
14659
14953
17070
17606
9742
20238
23218
25116
25274
26140
26294
26458
26781
27744
28581
4787
11458
11823
11869
12410
12459
12531
12880
7828
13987
13988
14595
8280
16683
8931
17430
9962
22148
22503
25254
26031
27568
936
11813
12369
12442
13091
13585
13671
14198
8833
8831
17791
18428
18532
19748
25153
25262
26027
26028
26718
28552
28923
934
777
1323
2292
6495
7098
11596
11876
12445
12626
13286
14742
16075
16144
17409
9050
24327
25090
25803
26063
27816
29047
32013
52268
52286
52292
52371
32942
32951
52324
52332
52339
52386
52374
29583
52329
52359
39371
52342
52377
52370
30248
34009
36485
52272
52357
52401
34121
45128
52384
52389
52391
31078
42377
51025
52282
52319
52362
52364
52379
52369
37313
65891
80572
87872
104828
113139
115361
119893
123534
123687
124744
124813
124847
125739
125750
125787
125667
125747
126206
126227
126784
126826
126773
126829
126853
127706
128822
128824
128828
130004
130131
132506
72121
79463
85060
87625
123336
123600
123613
123734
123824
124891
125161
125171
125784
125687
126222
126260
127721
128171
128200
128833
129988
130037
130084
130110
130112
132247
132249
135264
135296
135301
135415
123648
123767
123707
123790
123967
124764
124776
124777
124784
124827
124838
125696
125732
126776
126846
127016
127700
127709
128147
128178
128826
130019
132160
132345
132348
132461
132441
134309
135320
73240
123769
123808
123724
124832
124779
125788
126236
126201
126213
126809
126833
126801
127028
127034
127715
127643
127695
128133
128834
129996
130000
130042
130064
130094
130134
130140
130090
132228
132234
132347
135306
139196
80405
87699
87705
119129
123527
123710
123792
124706
124711
124724
124732
124749
124765
124803
125170
126794
126803
126850
126840
126999
127003
127698
129991
130104
130116
130126
132325
135291
135322
135408
139330
71006
72030
73110
88086
113092
123798
123716
124752
124771
124843
124906
124916
125156
125674
125682
126246
126203
126233
126234
126239
127024
127704
128163
128177
128183
128209
128820
128838
128840
128899
129878
129987
130040
130076
130030
132195
132237
132260
132338
132359
132459
135311
135403
87635
123765
123770
124755
125165
125175
125729
126223
126230
126237
126195
126208
126843
127011
127697
128165
128194
128892
128830
130130
132167
132191
132205
132385
132361
132553
135307
139377
139436
79922
80446
116223
121423
123653
123720
123730
123740
123684
124700
124739
124839
125680
125701
126211
126218
126780
126836
127647
128161
128191
128213
130023
130045
132230
132518
144500
171860
172918
196069
153114
167839
179835
199059
199250
199258
146541
157839
162640
171285
175368
182564
185418
199235
203359
146535
158160
160282
176004
185412
141359
152949
152990
153153
172096
174078
174081
174085
175366
176713
182345
186945
189119
154345
160253
160257
160601
167911
167929
167988
172866
174021
174119
179811
182560
185383
185452
193044
196026
146213
160256
160276
165643
193046
199055
199405
199410
201202
141396
158030
160308
172111
176704
183908
183913
196051
225601
205617
206042
224322
225400
226781
233388
242260
242263
247853
207294
221307
221471
227616
238495
245637
205424
207552
217587
222359
224873
209748
211898
232704
255686
206767
215515
223198
224870
226777
234223
249298
215498
247874
262140
288741
292284
278470
289618
303675
280344
292253
303664
277190
289649
289743
299686
277194
304084
273471
277200
278471
288650
289223
289660
291275
291308
305256
271985
277218
288659
291295
291498
299683
260654
279601
280342
288738
291404
304092
319497
319478
319493
311543
319495
319498
319499
319485
371984
462138
449591
503374
512932
509162
526516
519946
564586
563672
564882
753067
785950
723253
928432
926192
1149673
1101797
1523464
1276284
1666121
2231123
2348477
2100509
2231135
2348522
2261241
2575630
2438106
3487103
3487103
3487123
3487123
3170177
3429613
3530889
3429612
3035141
2982748
3261292
4012140
3981224
4031334
3981228
3586984
4810544
4727981
5201447
5161651
4475868
5401852
5967077
6025427
5778187
5825630
5351013
5427996
5986459
5829666
5633648
5821710
6053529
5725459
5967046
5875011
5633709
