6730886
6730886
6734192
6315557
6747770
6739134
6748046
6233845
6233845
6233845
6540530
6247187
6751925
6751940
6751940
6751756
6751766
6721379
6723645
6720782
6732140
6275663
6725627
6740437
6740446
6740455
6724298
6724517
6740076
6378780
6285933
6285971
6747801
6737132
6286041
6732671
6733812
6734124
6725763
6739183
6286944
6559362
6559362
6748112
6749551
6728842
6736742
6730609
6748236
6728913
6576687
6567317
6736810
6749498
6749498
6720378
6286404
6286262
6728250
6730638
6737450
6728880
6728880
6737435
6750199
6750199
6728970
6737679
6724139
6724313
6275548
6275548
6275548
6275548
6460137
6654587
6323445
6744694
6743904
6739210
6683959
6685089
6491607
6744780
6739580
6744015
6745299
6726362
6740317
6740752
6741240
6331755
6331760
6497135
6634993
6752049
6751901
6752384
6498449
6498449
6571801
6571974
6670624
6730891
6730891
6732023
6742156
6286696
6748682
6722802
6722821
6723035
6752192
6752192
6716958
6716958
6722204
6460158
6734621
6275933
6728950
6728956
6745413
6740886
6739590
6739590
6740933
6741966
6741186
6731391
6293034
6735794
6285946
6742090
6740804
6323429
6753216
6753218
6735027
6735576
6728234
6728497
6735415
6730152
6736792
6723013
6723013
6723789
6638620
6575670
6575670
6575680
6575685
6747712
6738198
6737255
6733526
6733621
6731299
6747203
6728244
6749856
6736778
6736780
6737866
6722161
6736665
6685023
6724312
6315868
6752251
6752720
6742347
6739951
6742350
6742558
6742558
6685088
6685088
6724796
6567310
6460781
6460781
6726277
6742863
6742877
6739389
6740297
6725920
6744036
6726372
6742312
6677037
6341238
6498277
6727613
6247063
6247063
6247160
6247160
6247160
6572184
6733194
6744922
6740413
6286665
6737720
6395062
6720365
6716960
6716960
6721891
6722294
6722317
6309206
6748347
6748956
6728762
6730457
6730457
6726257
6739384
6740285
6585642
6731384
6731387
6749039
6735789
6736724
6595799
6617685
6732672
6734219
6740579
6741275
6741275
6725104
6725972
6739189
6740369
6741038
6754240
6748520
6736736
6728457
6730333
6747678
6747678
6728501
6721335
6716777
6716777
6723871
6309203
6275764
6275764
6575681
6748834
6732042
6733993
6663360
6737443
6730350
6574813
6574824
6736433
6724164
6315886
6739201
6742348
6745372
6725134
6726062
6742872
6739576
6739576
6741166
6726085
6739388
6724063
6725316
6725931
6740991
6323469
6584653
6584653
6613947
6721570
6721789
6723023
6723023
6727537
6727537
6271188
6271188
6271188
6271188
6751732
6247152
6247152
6247152
6752055
6734304
6551502
6744920
6726017
6742371
6726216
6736674
6348976
6323298
6574911
6574911
6734563
6728755
6728755
6742402
6725893
6741218
6753214
6286806
6736704
6737134
6728838
6752840
6286283
6733846
6744654
6725963
6726148
6740367
6741042
6753217
6286467
6286324
6735028
6735587
6730334
6723799
6574800
6748835
6748854
6736822
6736822
6737253
6751863
6737177
6728462
6286856
6736419
6724161
6724161
6724252
6724174
6434492
6286170
6286101
6751820
6744898
6744479
6745166
6742354
6724789
6739387
6727021
6742053
6741260
6741260
6271003
6271003
6641177
6638628
6575668
6575668
6752177
6745381
6745193
6744729
6740862
6736671
6727467
6544056
6734337
6748860
6745059
6747806
6749023
6733933
6725958
6574893
6574893
6737382
6737174
6730620
6748555
6728702
6728702
6575682
6574799
6730704
6733380
6733795
6733891
6736777
6720406
6574818
6736425
6746621
6285894
6725585
6725991
6741146
6741146
6739572
6739572
6740313
6741238
6745322
6744841
6635007
6751686
6751988
6720816
6749017
6275850
6275850
6728765
6745426
6745426
6730285
6736492
6745835
6745835
6748726
6545873
6571985
6571985
6748273
6728785
6285911
6724735
6742859
6740967
6744833
6725711
6742311
6491610
6271147
6745374
6726215
6285758
6721685
6722678
6742582
6740457
6739382
6529881
6315895
6673055
6574798
6749495
6749495
6733773
6733884
6574819
6498283
6744028
6352879
6736686
6739381
6740843
6685077
6744551
6744551
1766
2020
6597
10404
10439
10591
10628
10679
10792
11405
11963
7358
7383
12146
12473
12373
12605
12597
12928
13102
13128
13377
13410
13494
13597
13415
13679
14044
14566
16471
16541
16666
17171
17300
17662
17711
17720
18795
19338
20154
20457
20949
22150
23103
23167
23743
23994
24851
25093
25115
25256
25267
25129
25696
25952
25955
26036
27117
27951
28168
28275
28455
28647
28869
28939
28646
28871
10040
6867
10592
10598
10600
7176
10587
10727
11163
11224
11575
11878
11878
11879
11918
12547
12975
13190
13401
13493
13584
13936
13947
14484
14594
14646
14660
16094
16852
17160
17311
17367
17404
17632
17659
17794
18800
19593
20409
20972
22731
23401
24331
25104
25122
25156
25273
25945
25949
26379
26162
26468
27371
27802
27967
27994
28171
28398
28651
28874
2323
2364
10636
11226
11332
11601
11873
12192
12374
12630
12785
7446
13094
13127
13297
13509
13807
13921
13680
13991
13995
14065
8288
15434
15498
16158
16543
17362
17673
17684
17790
21799
21915
22397
22398
23231
23519
24769
25089
25092
25106
25596
25695
25697
25892
25946
25957
26577
26676
26700
27116
27116
27949
28134
2384
2322
5353
10221
10626
10779
11026
11082
11225
11647
11874
12034
12207
12412
12579
12701
12912
12948
12972
13103
13167
13234
13400
13596
13808
13922
13958
14382
14982
16061
17131
17298
17310
17350
9009
17365
17737
9741
19339
9936
20651
23039
22499
23224
23616
23620
23759
23779
24027
25098
25107
25932
26051
26408
28626
28510
28875
29050
678
10239
10597
10599
10648
7163
10596
11162
11948
12046
12073
12074
12527
12697
12784
14245
14540
14659
15497
16373
17129
18785
18806
9725
19188
19711
9977
20238
21525
22151
23032
24585
24679
24680
25091
25116
25131
25389
25937
26025
25956
26380
26072
26294
26188
26491
26585
27356
27487
27805
27815
27882
27953
28463
28627
28872
28625
463
10794
11722
7427
12287
12536
12999
13448
13492
14262
8191
16113
16379
16683
16775
17126
17252
17299
17689
17899
19186
19187
19223
19337
19822
9962
21165
22133
23033
22404
22503
22727
25258
25953
25859
26184
26304
27352
28049
28887
28632
28633
935
1562
3358
10593
10662
10663
10664
12032
12254
12411
12439
12444
12598
13224
13408
13920
13923
14629
16542
17121
17157
17207
17355
17630
17791
19531
19706
19708
9963
20460
20462
23023
24003
25099
25150
25157
25163
25255
25271
25639
25941
26082
26701
26719
26920
28574
28623
28649
5127
5243
10800
11769
11876
12125
12528
13168
13286
13148
13191
13413
13997
8681
17117
17122
17153
17258
17301
17280
17353
17364
17312
17635
17638
17643
17736
17745
17898
17930
9810
9731
9934
20876
22116
22185
23028
23237
23869
24699
24587
24533
25155
25951
25803
26048
27417
27814
27950
28008
28575
28671
28870
29711
30508
30585
32187
32321
32926
32941
32934
33853
33999
35434
35427
35447
36016
37582
38146
42562
46612
48937
49239
52268
52286
52292
52371
53280
55573
57855
58583
29413
30364
30597
31433
31652
32950
32944
33746
33997
34359
41110
43708
44896
47986
48550
49255
50942
52324
52332
52339
52386
52394
55559
58668
29391
29551
29729
29854
30305
30507
30596
31191
31593
33252
33666
35124
36012
36468
37242
45141
48255
52329
52359
52862
56254
29323
29390
29678
30509
30600
30829
31190
32627
32135
32488
33433
33744
33958
33991
39371
41056
41652
42244
43312
48560
49896
52342
52377
52370
54116
55629
29268
29395
29552
29741
30014
30248
30329
31718
32319
32945
33012
33855
33920
34009
34099
34366
34853
35117
37071
39350
42429
46113
46597
51138
52272
52357
52401
52509
55567
57969
29360
29412
31066
31106
31592
32957
33496
33780
33842
34120
34121
35684
36663
42179
42239
43249
43605
43773
47935
48949
50955
52384
52389
52391
53695
58661
29208
29364
29685
30306
30827
31195
31452
31874
32626
32494
32751
33743
33756
33956
33961
33996
34007
35112
35589
37639
40459
40768
43344
48586
49118
51025
51075
51118
52282
52319
52351
52362
52364
52379
52369
58679
29534
29580
29710
29734
29875
30281
31111
31123
31087
31730
31884
31970
33742
33919
35071
35429
37643
43764
44887
44901
46583
47570
48674
53670
65891
67097
67572
67646
73105
75523
76052
78545
80060
80572
80600
83666
85366
88111
91378
94472
96458
96466
97511
104828
107188
111744
116915
118687
122013
122334
123595
129086
132217
135028
135283
135297
60144
67080
76884
79618
80460
83680
87625
88412
90235
92801
97508
112727
119644
122340
123577
123601
123879
129072
129110
129110
129067
129145
132579
134306
135264
135820
136292
137946
60965
62772
65360
65866
66021
67204
67621
69288
75130
75684
79558
80011
80024
87252
88122
91838
92774
97502
98519
115116
116101
116839
123571
123886
124352
125260
125769
126615
127428
128371
129165
132431
132565
134291
134309
134863
135266
60994
62796
63035
67528
68293
75129
75132
75889
81140
81874
83684
86000
90230
91436
99240
99927
102436
106611
111271
115945
116197
116400
116644
116870
123306
123319
125779
128222
129078
129139
129143
132573
135381
137940
139320
139411
139406
67594
67633
74738
77511
79569
79595
79981
80474
86161
87508
88075
94653
96886
102444
102986
104737
105527
106932
107137
113073
118749
121988
123885
124602
125177
126591
129151
130763
133460
134171
134182
136128
138346
138659
139197
139297
139388
60861
65917
65952
71006
72030
74696
74734
75653
79548
80630
86486
92071
94239
94522
96186
96842
102372
102377
105037
111910
113070
113871
114377
115340
115934
116382
116901
117646
123631
125775
128362
128842
133748
135007
135388
135630
136125
136352
136378
60178
62790
66083
76411
78519
79580
80107
81596
87282
87519
88113
88119
88212
91967
93643
96192
96473
98164
98329
106606
115943
123988
127224
128228
134302
136030
138656
60872
67069
75690
77232
87741
87753
88417
97488
97493
97506
102532
108118
118714
119136
123890
125778
127729
128188
129162
129196
130706
132442
132446
134262
135024
135384
137947
139326
141153
144500
146398
148087
148099
149169
152005
153124
153237
158672
165146
165454
168409
168788
171225
171860
173901
174491
176008
176634
178824
181524
182527
184599
185654
185566
185737
187506
188064
189123
190079
190294
191426
194457
195806
196069
198106
199029
199233
199350
200192
202744
141988
145795
146215
146534
147729
148092
149175
150426
157699
160366
164433
165494
165521
165521
165531
167041
167839
170229
174715
177600
177876
182049
182314
185604
189476
189994
194462
198156
199250
199253
199277
199258
200405
201504
202740
141372
146491
148105
148112
148144
154538
157818
158172
159678
163178
165440
166652
168762
172554
173325
174552
178853
182564
183530
183892
185379
185399
185418
185657
186933
186996
187508
188960
189401
190077
191784
192079
192116
192300
194376
195550
195803
198456
199396
199399
200403
203359
203370
203661
144789
147173
149162
150455
153058
153241
156006
162355
162710
163489
165461
169638
172055
172062
173916
174546
180206
182056
183464
183896
183903
185412
187014
187532
188976
189404
189990
191021
192311
192385
194456
199150
199208
199242
199345
203568
143671
143669
148078
148084
148110
148132
148137
153713
153990
157834
159431
159516
160221
161240
162875
165490
165523
165815
167894
170115
170227
172065
173776
176016
177603
178856
178858
180201
182053
185337
185500
185651
186945
187695
188066
189119
189410
190074
192387
192806
193244
194469
195549
198382
199151
199222
199309
200877
201569
203585
142574
148071
163486
165423
165527
166450
166800
168755
170460
171099
171221
173263
173416
177435
180210
183893
185383
185452
185494
185563
187510
190071
192809
192821
193044
195536
196054
200189
200350
201212
201480
201525
141992
142035
144229
144952
145751
147103
148024
148081
148119
148125
149174
150436
153065
153110
157705
160276
165468
165428
170467
172043
175356
176130
177933
183537
185468
185658
187909
188915
190073
191780
192119
192338
193046
198102
199032
199306
199405
199410
200567
202747
203241
203379
203650
141378
145742
148130
148714
149170
152002
153204
158069
158807
165142
165473
165536
165538
165599
168800
168759
170463
171101
171848
172051
172928
173261
173921
178340
180209
182546
183908
183913
187308
187521
190075
192122
192126
192391
193231
194466
196025
200197
200198
201782
203753
204570
205051
206416
207569
210780
211885
211934
213734
215486
215518
217266
217322
219063
220348
220566
221230
222182
223260
224479
228925
228928
231008
235877
235890
236639
239231
239236
242526
242772
243111
244784
245628
245974
250112
250914
254308
256123
256118
206039
207324
207573
208593
208614
208653
211442
211432
211769
213203
215136
215720
217602
219971
219979
220350
220943
221338
225063
227940
228153
228966
229850
233388
233411
239039
241859
242260
242263
247663
251525
254295
256114
256580
206411
207557
208637
208766
209073
212555
216434
218497
219067
221229
221464
223190
224407
224441
224615
224756
224823
225498
228899
232871
232883
234017
237680
248695
249605
256620
204671
206028
207543
208164
208606
208634
208647
209056
210650
211895
213751
213768
219829
221535
222143
222193
222803
224581
225051
227938
230285
232884
239237
245601
249833
255086
256365
256422
207552
208607
210647
211307
212316
214725
215558
216830
221341
221462
222204
224414
224450
224608
224873
225495
226934
228052
233409
237193
237632
242232
242609
245646
245942
249612
251507
204218
204569
205056
207327
210698
210727
211898
212281
212957
214824
216236
223083
224603
224625
225599
228753
231643
232070
232265
232704
235535
235535
237635
240579
244802
249615
251059
252583
255686
208170
208658
208865
209052
209070
209951
210676
211447
211823
211926
214829
219974
221466
222190
223043
224576
224654
224827
224870
225756
225918
227019
227096
232261
232766
235886
236187
242414
242428
247657
251452
256121
206022
207540
208774
211452
212274
212419
213728
215498
218030
219061
221241
221243
222200
223202
224419
224650
225398
228161
228962
230291
231874
232900
234541
237496
240582
242776
244779
251062
253593
256805
257193
261121
269717
269717
271563
274780
276057
279616
281074
284985
289183
291712
296336
296785
296925
296937
299339
299349
300966
301230
302948
307601
308806
258178
268936
268948
271506
271535
271746
271799
275603
278470
280403
283705
284318
285006
286670
286840
287406
289491
297232
298244
299400
261434
268953
268967
271534
271543
271792
273820
274163
279593
279627
280344
281081
283841
288727
296739
296789
301225
301917
308992
257761
261124
261621
262073
263543
263568
267973
268574
273825
274782
275606
279622
286003
287187
289649
289743
298213
298631
298640
299157
299686
301721
302294
302478
257324
257758
258162
259045
260656
261661
263521
268566
269831
271154
271510
274736
277678
281051
281072
281080
287540
299346
300394
302267
257753
263556
263562
268964
270876
271562
273521
274731
275607
275608
277200
278471
283177
283236
283350
285740
286469
289433
291308
297821
257344
257326
263553
269406
269606
270894
271932
271985
274621
275070
275614
277218
283190
289564
291139
298210
298638
299683
300559
263547
266724
268930
268963
269424
271539
271545
274623
275298
275612
275618
277684
279613
280342
283185
283706
296787
296801
298240
298247
299899
311865
319497
323203
337759
341608
346019
364603
313797
317260
318569
322445
326753
337552
341356
342936
346519
357085
360487
365060
311304
312653
312884
314566
317833
319478
353669
356766
357075
311138
311899
311899
311944
311944
311949
311949
314105
319493
322461
335349
341360
365155
310334
311894
311894
314387
317934
318560
319117
319495
334573
335345
341352
341851
349711
353861
354553
356248
361095
366551
319498
319499
324749
325424
326742
329227
341588
344550
346103
350501
364953
310326
314240
317261
317841
319485
322434
324258
326733
337763
341364
341591
346445
349649
358488
363609
364595
314520
318367
319096
319202
319181
320841
320902
321876
322303
322632
326739
326759
331194
333041
334390
341602
346515
354714
358279
358501
366091
371227
380112
386284
387151
398297
408613
424284
392388
392634
407695
416059
416059
419986
377246
377246
387147
388608
398322
412887
417886
425726
429173
375912
384517
398301
399252
407667
412524
417884
425721
376685
377236
377251
408702
411194
414430
369319
369785
370568
374684
375928
385758
393854
403225
416006
423021
426341
427058
434125
434128
375971
377243
380359
382181
386261
387149
412532
415507
417889
419726
428111
434114
376617
376626
377255
378890
385752
404552
408584
411168
412512
412515
421674
421758
425828
443014
445785
465794
466978
473543
473763
481362
490064
490340
494658
440123
446876
465145
479499
496932
435594
440091
444438
477786
503204
440202
441176
446536
461964
462138
463978
466167
468595
490604
462135
469559
488910
496720
501762
441532
441672
446881
457205
462487
492011
502765
439127
440130
441673
442422
447174
448371
472183
492460
496742
496817
441537
444089
446910
462727
465778
488883
492466
500177
514495
516299
535459
542127
552843
542112
559929
513962
518647
519193
520266
526516
527706
551169
557427
527689
529207
531759
550841
517795
517985
525334
526958
536217
536807
539214
546782
513183
514075
526397
506037
506972
513843
516304
527444
527702
539217
506044
527993
568176
568202
569735
578952
615852
632259
649230
657056
567212
568159
568184
568206
614173
568146
571199
613063
615829
634767
634767
636591
638446
638782
568153
568169
568214
574569
604083
613516
642354
563441
565303
571202
588458
608159
615373
615841
633347
568141
568144
574574
596414
609346
615881
628750
654829
568164
568192
581431
591798
596732
615821
637400
650144
568187
589095
615362
617133
625547
628829
656472
740160
753067
695694
722182
719872
754987
747167
726752
747169
781470
762855
775437
763900
763900
754842
774844
732528
726185
792818
680124
668618
748861
787955
787955
753842
740862
740862
668605
745684
782461
681434
752093
785222
678500
754985
707320
726191
747022
752001
747157
787903
787903
740171
723253
794508
680325
679261
745669
681526
746805
746258
704237
745627
677943
800616
843007
819734
800580
800555
855128
864546
914412
864358
809415
870074
926192
809280
855195
885238
908489
822831
845356
863996
800560
819114
822722
800563
888600
824852
923576
990672
963783
1080848
1174233
1174233
1078751
981895
996445
976921
1031625
1061878
1061998
1081485
1081485
1080846
996395
981894
996448
1057053
981898
1100603
1101797
981897
1456292
1406968
1310609
1479193
1460392
1317633
1513484
1491059
1491059
1309865
1333058
1306035
1306035
1544409
996427
1373648
1387969
1711493
1783850
1783850
1783848
1783848
1685996
1730036
1730036
1621479
1623515
1723078
1623514
1711494
1719480
1644581
2143034
2112878
2334691
2230846
2348478
2150825
2100509
2100509
2251798
2251798
1270973
2348522
2348522
2115791
1977055
2115789
2358522
2145732
2369793
1985661
2577029
2777760
2536445
2536445
2536445
2624749
2406071
2534367
2433975
2433975
2702764
2396830
2674277
2645572
2534377
2595728
2674272
2707912
2888796
2624752
2883100
2935848
2935848
3030271
3487103
3165371
3165371
3108566
3487123
3096961
3096961
3023802
3022695
3022695
3134127
3134127
3134124
3010210
3010210
3533906
3533906
3010202
3010202
3523594
3523594
3428755
3037378
3096959
3096959
3199749
3429613
2938986
3533907
3533907
3030268
3030268
3533867
3533867
3523141
3523141
3030996
3030996
3530889
3429612
3345650
3474013
3082911
3031001
3346951
3112290
3896045
3688160
3688160
3801673
3642248
3642248
3642248
4370907
4027347
4251022
4251022
3950823
3676747
3676747
4251021
4251021
4012140
3987624
3696988
3696988
3962625
3940180
3761522
3569373
3962610
3631897
3883660
3883660
3717213
3720608
3671970
3671970
3940156
3671971
3671971
3679672
4317244
3717210
3954657
3752996
3819953
3839261
3954658
3954640
3801674
5186386
5108565
4925516
4749049
4838097
4385771
4791712
5048951
5048951
4385755
4385755
4385755
5286885
5286885
4838114
4838123
5270622
4407505
5088633
4516214
4407133
5331748
5331748
5331748
5243119
5243119
5243119
4407486
4945000
4955803
4955803
5285719
5285719
5054360
4385729
4385750
4627437
5108543
5078001
4648151
4385745
4648716
5031346
5105218
5285827
5061707
4702227
4385726
4955811
5276670
4645849
4645849
4702228
4741849
5155756
4946895
5286834
4385769
4957654
4957654
4957654
4957654
5098529
5338604
5338604
4944998
4723040
4946935
4585096
4823745
5230911
4553419
5222818
5222818
4902572
4902572
4902572
5138318
5138318
4407111
4407111
5286954
5098467
4974939
5243278
5031340
4672656
5201575
4688919
5092043
4617053
4617243
5250151
4475381
5339043
5339043
6141429
6145512
6145512
5691027
5527197
5527197
5350082
5350082
5350082
5350179
5488699
5488699
5488699
5597717
5597717
5597717
5597737
5597737
5597737
6142275
6037732
6202245
5922918
5922918
5922918
5708570
5350963
6076856
5596175
5596175
5596175
5986682
6011867
6017951
5967077
6146400
5936530
6142265
5940718
6199283
6153188
5659740
5659740
5894468
5935521
5991152
5991152
6191866
6191866
6191866
6191866
6191866
6191882
5719833
5719833
5719833
6145514
6145514
5531532
5708519
6142286
5788476
6064624
6141478
6135580
5820703
6146425
6076900
6202369
6156920
6156920
6153200
6011951
6011951
5864951
5864951
5864951
5864951
6037704
6153112
6153112
5343961
6141412
6141412
5844861
6017089
6202177
6202267
6202198
6153064
6153076
5793065
5697584
6011928
6011928
6202274
6196606
5396776
6156865
6156865
5803927
5803927
6153092
6202266
6157808
5825630
6202299
6202316
6202316
6202211
6011805
6142282
5548180
5697586
6142284
6011770
6153118
6153118
6011872
6011849
5834667
5932200
5932241
5795380
5759530
5759530
5759530
5901883
5901883
5864935
6106949
6141438
5846890
5896122
5385120
5943354
6011835
6202254
6202342
6141493
5967046
6153187
5912356
5697379
5725674
6202252
6202252
