6585642
6692524
6683881
7402
17935
23167
23321
23994
25436
25455
27649
28079
28926
17680
22731
24588
24866
25438
11198
11980
16414
852
1433
16968
16942
17735
18444
22568
22786
28287
4566
8251
16684
18891
20951
2434
13605
21523
25454
11254
17048
17600
20613
25679
25936
5752
16040
17690
9749
27885
32936
35008
35126
35236
38149
43269
43534
46570
48024
58739
30364
30716
31419
33643
33913
34969
30305
30361
32604
36126
42476
48255
31625
32862
33082
33744
33952
35886
43312
30237
30029
30826
32947
33512
33838
35263
46538
50800
30199
32860
33688
33729
35584
30362
30694
31846
52351
32689
43265
50010
58365
65668
66012
79169
79524
85024
93626
98454
99608
117679
65823
66368
79463
83336
84195
94757
98445
102562
105914
118717
119644
65908
66068
78069
78846
79151
79918
85067
102340
110277
113450
113868
122261
65821
66027
68071
79160
85134
98098
98512
126060
134269
138722
60727
60935
66072
77257
79149
80474
83342
105051
107137
136143
136389
78848
80326
102341
112927
113070
115542
132445
133748
62309
83298
83313
90285
106599
80452
83310
99251
110955
115680
116050
144164
145159
146665
148044
158253
161822
167878
175645
178484
185810
187026
190764
199029
142375
146648
155983
158186
161754
163499
168792
175648
178004
187936
189155
199973
144731
145343
146672
147987
155956
161831
161828
168342
168356
172970
173774
181495
187796
194687
197723
147173
148723
157830
158163
158254
162691
162691
163452
163490
165112
173775
175650
178460
178490
194455
195776
196616
143687
148049
148052
148278
157086
161779
161827
166416
168646
170074
178467
157810
161759
167559
175371
180427
188983
194281
195884
147103
157812
158226
158850
167962
174039
178475
199032
145349
147299
156016
156410
157881
158187
160297
171831
182057
185511
187798
193440
205090
214597
214606
220266
220300
223916
225330
245088
247617
247859
250781
254801
254831
215576
218624
221182
229730
234178
236580
247697
247722
247737
254870
254872
207566
213701
216818
217147
218130
222166
222178
223894
227108
230638
231294
232867
232871
234189
234555
236600
247604
247736
214594
221444
223906
224418
231279
231381
232936
234146
236772
247598
247686
247726
254771
254915
207871
213697
213880
216830
217140
222210
224465
229727
232879
236636
237606
237907
242390
242402
242409
250667
254876
254903
210698
215538
217117
217127
220960
222169
222317
223912
223949
225347
231373
242256
242412
244802
247680
250910
254778
254784
256363
256464
217120
217109
219069
222144
223947
223953
224456
231291
240595
247677
205418
206948
214601
217096
218617
220260
220312
223926
223943
224422
225337
228157
229733
231436
242394
242400
250690
254888
257165
257760
258482
258487
258491
260176
261094
261133
271088
271183
271552
275579
275728
277673
277666
277645
279577
279779
281104
282482
282486
287563
287569
287581
287631
290985
291061
291106
292261
292284
297741
308278
260259
261043
263522
266381
266934
271103
271144
271799
272137
273304
275440
275627
275631
275645
277637
277665
277657
279548
279652
279691
280370
281039
282479
282509
282566
287493
287625
287661
290778
290897
291030
297787
257194
258477
258495
260157
260175
260340
263535
266984
266987
269389
271190
271194
272416
275600
275724
277635
277660
282532
282571
287464
287599
287647
290848
290971
297711
297753
297800
298642
306976
309017
258484
258512
260207
263523
266862
266895
266927
271109
271547
271755
275651
275791
277700
277605
281083
281099
282554
283105
287480
287553
287558
287596
287614
288829
291055
290979
292807
257177
260159
260167
260279
260323
261113
263527
263593
266997
275082
275722
276266
277676
277664
277629
277678
277689
279584
279602
279611
280220
281108
282519
287552
287595
287636
290932
291162
292080
298626
302211
309031
258514
258625
260178
260250
260272
260352
261054
263586
271178
271211
271494
271500
271501
271508
273137
275635
275726
275794
277722
277631
277634
277655
277693
282556
285740
285823
287472
287592
290773
290891
291043
300960
303557
257181
257201
260277
261061
261065
263537
273286
275593
275646
276310
277616
277640
277643
277671
277654
279522
279554
279597
281106
282548
282561
282573
283091
287576
290889
297482
299647
299652
299661
304944
305153
309392
257191
258480
258494
258496
260183
261070
263575
263583
270840
271128
271163
271184
271559
272507
273300
273941
275582
275625
275632
275731
275793
277659
277684
278210
279525
280890
281117
282504
282513
282564
282568
282588
287504
287622
289164
289548
290765
290963
291581
297785
298989
299582
312070
313863
339928
311981
331477
354965
364640
312900
330179
335642
338792
339259
340778
342541
343264
311966
319629
331489
332405
336168
347184
311542
311975
314096
336064
338785
341676
341851
342532
352265
354553
312918
315529
338781
340943
342196
344041
310456
319016
342545
347602
364490
364635
315496
316168
319632
326795
330375
353491
353484
358486
371550
381802
398931
399141
420469
369308
369314
370122
374378
375937
376927
377813
381946
387352
387491
387850
390596
393849
413477
417282
421263
376620
379311
392098
392386
394315
395646
395655
399157
399126
411771
414302
424197
424210
429173
434836
374564
377217
384517
385234
390580
395648
399135
407463
432672
395216
424195
377210
398290
399018
399023
399031
399120
399145
403348
406062
407462
408715
409069
419517
434835
371566
372743
384755
387238
399151
402714
421477
427637
371181
381818
381870
385236
399162
399194
404723
421478
422834
431547
435832
438209
449142
449444
449429
456997
461753
469535
469538
471050
494088
439333
449412
472508
473602
480624
480781
485101
446033
448531
460519
460551
463969
467764
472381
494111
503242
441371
449432
450929
455958
467768
473540
475478
494216
495466
496739
502148
503243
449463
458413
469851
472866
492790
440798
448104
449202
449405
449423
463972
488924
490429
498285
445373
449981
463387
463968
495700
496675
496680
447741
449448
455959
463970
481683
489875
495364
495409
496676
502404
514795
517043
517133
523331
557471
514796
523290
523304
542900
548781
557468
505977
513962
519006
519156
519211
520127
523377
519129
526049
531813
541423
557463
512712
514873
549238
557461
513183
514792
517128
523343
523362
528076
528410
546778
553029
557462
557464
518377
528002
528411
531806
553574
557465
557473
557480
557487
557653
527947
535703
536482
557479
568176
601353
613539
625099
636913
641836
644983
599603
617139
623702
642355
647681
573657
592139
604175
564437
574436
575564
594559
628863
641811
565241
599580
625102
635116
641841
593512
599591
600073
601356
565671
596732
608178
569322
580501
590875
593504
597191
599585
599594
601359
740160
780968
762869
746337
770513
683607
732560
746879
732588
766109
746808
660998
752611
758190
747061
743469
775588
658649
663150
755150
772311
752378
752890
661043
694310
746872
781454
767982
746494
746358
746358
661559
752001
787903
740171
692846
754422
746862
679809
746612
746417
754324
747049
666267
751567
747366
746435
726406
663509
677943
743689
837193
904163
811431
802112
819746
839559
840208
899937
926133
834105
819261
912837
843088
947049
818924
800608
871360
938052
800623
800826
1013915
1146207
1210757
1045539
1016262
1133455
1130504
1032540
970494
1035836
1108813
1101797
1157910
1100627
1349458
1349443
1349454
1349459
1349446
1349439
1460392
1472999
1349457
1465119
1458030
1349451
1409364
1276284
1321246
1349456
1349450
1349444
1349441
1349455
1271048
1669419
1760826
1901785
1613782
1711533
1711480
1664438
1766950
1680385
1819023
1810767
1732857
1729696
1840851
2176945
1976175
1969273
2042626
2117103
1946558
1999354
2116546
2873439
2765711
2885733
2847137
2425206
2623812
2660813
2497853
2820703
2628882
2624746
3236199
3008520
2982705
3527262
3274366
3373122
2994431
3983559
4127848
4296519
4251833
4222456
4352790
3840198
4231740
3983579
4627437
5101399
5276670
4741849
4465694
5114025
4734131
5204421
4585032
4647655
4426037
5415036
5986682
5415044
5722448
5492202
5375941
5488643
5390232
5492200
5597720
5492198
5415251
5537504
5492206
5628291
