6315557
6233845
6540530
6540530
6247187
6247187
6751756
6751766
6663009
6378780
6559362
6576687
6275115
6460137
6654587
6323445
6685089
6744780
6744780
6739580
6745299
6331755
6331760
6497135
6497135
6634993
6498449
6571801
6571801
6670624
6460158
6734621
6293034
6323429
6435789
6638620
6747712
6315868
6752720
6460781
6460781
6744036
6677037
6341238
6498277
6572184
6395062
6309206
6595799
6617685
6309203
6575019
6663360
6574813
6574824
6597657
6315886
6323469
6584653
6613947
6613947
6613947
6551502
6323298
6323298
6752840
6574800
6434492
6434492
6751820
6641177
6638628
6568714
6544056
6574799
6574818
6635007
6666640
6545873
6545873
6431599
6529881
6315895
6673055
6574798
6574819
6428377
6498283
6498189
6352879
6275633
6275190
6572362
6685077
6744551
6744551
12696
17575
20676
25263
28926
1072
2938
12588
14820
15101
16366
19741
16081
17362
17407
19896
25457
28298
12143
15421
16156
23990
27537
1067
11822
12074
14601
15304
16708
26763
592
10775
11505
14262
25701
427
13567
13592
26139
28574
933
1323
12052
13148
24533
25774
31719
32936
35121
52371
56961
30596
33676
54003
29268
33013
34099
46130
51138
29800
29987
33496
46109
56329
30731
48862
52362
57680
29580
31730
46134
50010
63190
66783
81834
85065
92469
110960
129158
81974
85082
93632
118930
69288
74952
79151
79669
85067
111647
119469
121351
127885
59496
80413
98098
106613
119608
127803
129103
77257
79149
80440
81229
83342
87261
105051
129149
111004
73087
110952
124163
127797
80452
89940
92098
106431
110955
121423
148289
157909
186490
166443
166697
166706
201819
157745
170699
180191
158250
164078
185240
210780
219192
227612
215136
219971
219979
226006
226781
211385
211775
223243
226036
251981
208606
210806
211181
211895
224471
234552
213725
225056
226062
210727
218972
219974
223043
226777
261085
292247
305160
280360
292282
280331
277671
291139
296313
271163
273300
282513
326209
340206
362884
349304
322490
364101
318952
351217
355732
358117
375944
411771
432713
372740
389785
421478
435602
463382
444443
451981
470223
481683
505156
507422
530322
557369
509370
526007
518097
526397
592143
594559
643572
596311
633518
634748
719872
752363
757742
713168
843007
819162
870074
930555
937369
865480
1174233
1022054
1186265
1160907
1310609
1519763
1519763
1365017
1309865
1317524
1729696
2112878
2162357
2264036
1976503
2218186
2230846
2210613
2116899
2130419
1976504
2150825
2341596
1982207
2210600
2348522
2076644
2025987
2162376
2261241
1999354
1994929
2210596
2510440
2612780
2406071
2674744
2873438
2873439
2718829
2755938
2433975
2578281
2888498
2885733
2645572
2822645
2578282
2644695
2888796
2617539
3248800
3165371
3165371
3405834
3405834
3023802
3023802
3031016
3134127
3134124
3031014
3487125
3390404
3428755
3269181
2994416
3037378
3040117
3199749
3161630
3523596
3523577
2979718
3030996
3070387
3530889
3530889
3426612
3738245
4370907
4226462
3940175
3827707
3827707
4020375
3735563
3940172
3827676
3827676
4012140
4012140
3677107
3611913
3883653
4296519
3962610
3883660
3874163
3827678
3827678
3986857
4352790
4250989
4329803
3652761
4012158
4012158
3611928
3677096
4253113
5186386
5108565
4925516
4810544
5067426
4791712
5048951
5286885
5270622
5088633
5331748
5243119
4680690
5285719
5285719
5285719
5285719
4810539
5054360
4385729
4385750
4619433
4627437
4627437
5108543
4859987
5078001
5078001
4385745
4648716
5105218
5105218
5267327
4696712
5285827
5285827
5285827
5061707
5061707
4808054
4808054
4702227
5039249
4702206
4702206
4849890
4702228
4741849
5155756
4465694
5286834
4385769
4957654
4702205
4600131
5098529
4946896
4727713
4922455
5230911
4553419
5222818
5222818
4858620
4902572
4902572
4902572
5138318
4407111
5286954
4838223
5098467
4974939
4974939
4672656
4672656
5303169
5092043
5029322
5277099
4541872
4433874
5445101
6145512
5691027
5691027
5488699
5597717
5597717
5597717
5597737
5597737
5597737
6037732
5922918
5922918
6106201
6106201
5708570
5596175
6011867
5967077
5967077
6146400
6146400
5880065
5936530
6142265
5940718
5940718
6023404
6023404
6153188
5659740
5659740
5894468
5894468
5894468
5935521
5904549
5904549
5991152
6191866
6191866
6191882
5747738
5747738
5719833
5719833
6145514
6145514
5531532
5956972
5708519
5708519
5788476
6064624
6135580
5820703
5820703
5820703
5761253
6146425
6146425
6153200
5864951
6037704
5343961
5343961
5488680
5488680
5844861
5844861
5998035
5994929
5929472
6153064
6153076
5791846
5793065
5793065
5793065
5793065
5793065
6139636
5697584
5697584
6011928
6196606
6144474
5803927
6153092
6157808
5612275
5998011
6011805
5548180
5697586
5697586
6011770
6153118
5856092
6011872
6011849
5834667
5759530
5759530
5759530
5901883
5901883
6106949
6106949
6141438
5962723
5962723
5525702
5846890
5896122
5943354
5821686
6011835
6033546
5967046
5967046
6153187
5350320
5912356
5938993
5697379
5697379
5725674
5725674
5935385
5821949
