6730886
6734192
6747770
6739134
6748046
6233845
6233845
6540530
6247187
6751925
6230562
6721379
6720782
6732140
6275663
6680328
6725627
6740437
6740446
6740455
6724298
6724517
6740076
6285933
6285971
6747801
6737132
6286041
6732671
6733812
6734124
6725763
6739183
6723898
6286944
6559362
6748112
6749551
6728842
6736742
6730609
6748236
6728913
6576687
6567317
6736810
6275115
6275115
6720378
6286404
6286262
6728250
6730638
6737450
6728880
6737435
6728970
6737679
6724139
6724313
6275548
6654587
6744694
6743904
6739210
6683959
6683959
6685089
6491607
6739580
6744015
6726362
6740317
6740752
6741240
6497135
6634993
6752049
6751901
6752384
6498449
6571801
6730891
6438733
6732023
6742156
6286696
6748682
6723035
6716958
6722204
6734621
6728950
6728956
6745413
6740886
6739590
6740933
6741966
6741186
6585745
6731391
6735794
6285946
6742090
6740804
6753216
6753218
6735027
6735576
6728234
6728497
6735415
6730152
6736792
6723013
6723789
6575670
6575680
6575685
6747712
6738198
6737255
6733526
6733621
6731299
6747203
6728244
6749856
6736778
6736780
6737866
6722161
6736665
6685023
6724312
6669446
6752251
6742347
6739951
6742350
6742558
6685088
6724796
6567310
6495685
6460781
6726277
6742863
6742877
6739389
6740297
6725920
6726372
6742312
6727613
6420290
6247063
6247160
6733194
6744922
6740413
6286665
6737720
6217960
6720365
6716960
6724597
6721891
6722294
6722317
6748347
6748956
6728762
6730457
6726257
6739384
6740285
6585642
6731384
6731387
6749039
6735789
6736724
6617685
6732672
6734219
6740579
6741275
6725104
6725972
6739189
6740369
6741038
6581357
6581397
6754240
6748520
6736736
6728457
6730333
6747678
6728501
6721335
6716777
6723871
6275196
6275764
6575681
6575019
6575019
6748834
6431321
6732042
6733993
6737443
6730350
6442320
6748662
6736433
6604319
6739201
6742348
6725134
6510739
6726062
6742872
6739576
6741166
6726085
6739388
6724063
6237766
6725316
6725931
6740991
6584653
6613947
6237746
6721570
6721789
6723023
6727537
6271188
6751732
6643555
6247152
6247152
6752055
6734304
6551502
6744920
6726017
6742371
6726216
6736674
6348976
6452904
6323298
6574911
6734563
6728755
6742402
6725893
6741218
6753214
6286806
6736704
6737134
6728838
6286283
6733846
6744654
6725963
6726148
6740367
6741042
6753217
6286467
6286324
6735028
6735587
6730334
6723799
6574800
6748835
6748854
6736822
6737253
6751863
6737177
6728462
6286856
6736419
6724161
6724252
6724174
6578006
6286170
6286101
6744898
6744479
6745166
6742354
6724789
6739387
6727021
6742053
6741260
6604480
6641177
6575668
6752177
6745381
6745193
6744729
6740862
6736671
6727467
6544056
6734337
6748860
6745059
6543640
6747806
6749023
6600887
6733933
6725958
6574893
6737382
6737174
6730620
6748555
6728702
6575682
6574799
6730704
6733380
6733795
6733891
6736777
6720406
6574818
6736425
6746621
6562828
6285894
6725585
6725991
6495684
6741146
6739572
6740313
6741238
6684992
6745322
6744841
6677493
6751686
6751988
6720816
6749017
6275850
6728765
6745426
6730285
6736492
6745835
6748726
6545873
6571985
6748273
6345617
6728785
6285911
6724735
6742859
6740967
6744833
6725711
6742311
6491610
6459767
6745374
6726215
6285758
6721685
6722678
6742582
6740457
6739382
6723879
6574798
6733773
6733884
6662959
6744028
6736686
6739381
6734607
6230601
6275190
6275190
6740843
6685077
6685077
6744551
6744551
10577
10942
11196
11269
13246
13308
13337
13377
13487
13488
13494
13525
14056
14389
14661
14665
15090
16080
16218
16502
16666
17139
17249
17576
17742
17991
19338
21721
22297
26005
26059
26633
27951
28102
28146
28275
28455
28893
28894
28646
29072
2380
5124
6374
10425
11098
11163
11578
11603
11653
11875
11898
12453
12611
12615
12979
13116
13493
13502
13698
14388
14646
15181
16202
16247
16482
16483
16784
17109
17256
17459
17503
17794
17836
19234
21019
24514
26046
26468
27486
27562
27887
28062
28171
28274
360
1653
10595
11576
11625
11626
11824
12679
13244
13297
13309
13336
13486
13489
13991
17150
17458
17789
17790
17861
18452
20211
26069
26142
26672
26774
27329
27561
27949
28090
28236
28237
28298
28511
2125
2246
10805
10848
11577
11605
11874
12039
12455
12457
12771
12971
13106
13295
13347
13351
13429
14042
14647
16159
16664
17456
17792
17752
19339
19579
21652
22392
24010
24515
26033
26043
26408
27243
27537
27859
28044
28232
28284
10484
10633
10630
11162
11725
11871
12466
12468
12697
12695
13301
13344
13109
13946
13985
14654
14878
15304
16093
17152
21922
21816
22437
24011
24233
25249
25531
26003
26128
27953
28276
10844
11634
11870
12055
12410
12458
12536
12776
13241
13118
13365
13366
13485
13492
16316
16683
17250
17793
19381
19337
21696
22100
22503
25254
25258
25259
26001
26041
26304
26703
27485
28052
28063
28143
28165
28496
28596
28667
10426
10634
10897
11022
11161
11593
11628
11696
11753
11813
12324
12454
12529
12442
7748
13354
13463
13483
13484
13585
14046
14341
14662
15660
17151
17500
17788
17791
17988
17830
17990
20210
21531
25153
25163
25165
26000
26029
26075
26233
26701
26771
26772
27946
28227
28487
4620
10845
11594
11877
12052
12388
12528
12616
12768
12549
12947
13080
13286
13288
13364
13148
14383
15454
17153
17495
17586
17838
19380
22436
24343
26048
26073
26776
27090
27322
27567
27950
28575
28671
29499
30508
31660
32532
33370
35121
35162
37318
38146
43360
43269
51582
57855
29413
29498
30510
30597
32165
33067
36624
36680
37770
43316
43301
43858
52386
55649
29500
29756
29757
30221
30507
30596
31593
33286
33666
35124
38153
39143
40466
42534
43733
44958
48255
29755
30509
30600
32533
33369
33433
34008
34122
35712
50881
51589
55793
55793
29237
29268
31718
33012
33013
33065
34099
34123
36632
36749
37292
40333
43244
43288
46245
46613
49917
49994
53335
29412
29414
29758
29987
30603
31592
33249
33066
37321
39772
40902
42179
44875
44910
48539
49927
51377
53376
58606
31062
32247
38629
43854
54983
58679
29580
31111
31730
33285
35424
35433
38903
40828
43349
44887
52678
57835
74657
77911
80665
82702
91378
94449
106894
106923
118755
118701
123534
123573
124541
125822
126853
127560
128229
132285
134274
135295
135279
137584
138750
66326
66342
67136
67524
72626
73007
77921
79618
88124
92801
93632
94411
107795
110382
123613
129061
132410
134270
138758
60875
60881
66534
69288
71065
78069
79558
79669
80024
84785
84785
88122
90622
92802
101285
106898
115369
119469
121396
123515
123544
123532
125204
125204
125880
125880
129189
129189
132282
132365
134291
60883
65063
68293
73240
74869
77918
80677
81874
86000
88134
88139
88127
98321
118765
129103
129070
134253
134300
138135
63160
64808
66072
67633
74838
79569
79595
80821
81851
81850
102779
105527
105913
115399
118776
123527
125197
125928
129141
132291
134288
135246
135269
140004
140004
63502
66282
67516
71085
79548
81968
87239
88062
88069
88133
98447
98525
106888
108098
115811
119132
121384
125834
129245
132296
134248
134264
134285
134293
68244
68699
72636
76411
79580
81596
81865
88113
88128
88104
98329
98336
106379
106880
118770
118760
123347
123354
126570
130011
133573
134261
134302
64291
67508
67606
80759
87741
87753
88138
88419
100358
108073
116627
125246
125257
125774
125828
126820
132248
132322
137881
142579
150419
157936
158672
161409
162750
167881
167946
168788
170988
171002
171321
172893
174261
179846
179896
184476
185466
188568
188959
189395
191134
191141
191426
192109
192112
197638
198106
203364
144505
153399
155870
157967
158090
159632
160597
165638
171296
171334
172850
172848
176003
178548
179824
179820
179902
184649
185646
186507
189678
190986
191430
194468
195892
198156
198353
203354
149059
155866
155980
157930
157943
165677
167917
167923
167933
168762
168762
171253
172970
174390
176721
178519
178549
183193
185390
186933
189373
191770
191784
191835
192102
196465
199198
199279
199396
199399
203370
203648
158254
162355
162710
165573
165651
166423
166580
166590
167958
167937
168779
172099
173020
173166
174025
175999
179853
183474
183689
185596
189870
193235
194458
194464
196466
199234
199242
199287
141355
155858
158099
159431
160615
166602
167860
167970
172575
172861
176001
176711
179823
184195
188213
191411
193250
196546
198362
198382
199318
203374
203653
141796
142584
148008
149165
155861
155861
156995
158209
158229
162852
167911
167977
171219
171326
172864
174031
178471
179850
181003
185415
185493
188567
188970
188981
191360
196470
196523
198940
199402
203580
203782
141801
145733
146495
157808
158137
160273
165549
167871
171008
178546
185497
186517
191420
191780
191846
196024
196029
196461
196468
196529
197642
201513
201516
203379
203570
158125
160214
160308
162748
167867
168861
170497
170993
172105
174577
174579
176718
177845
178340
178547
179857
183820
192122
192126
196025
196515
198376
198317
199284
199303
203753
207356
210780
211508
211509
211513
215518
219192
219192
223260
224744
226720
233396
233412
235206
235866
235904
239220
239231
239233
247859
206051
206504
207573
207555
207560
208593
211769
213229
215010
216362
216826
217126
217602
218633
219971
219979
226006
226781
233404
233411
234246
234860
235891
235907
238420
242284
242263
243894
246204
252488
204674
206025
206057
206572
207551
207557
209661
211772
213228
214095
221307
224823
225393
225440
226036
228487
234017
235307
238418
242221
244834
249293
205674
209670
211434
211519
211895
215526
216630
217593
221349
222143
225838
227616
235870
236772
239237
240460
242408
242815
247886
217589
221345
222164
225604
226062
226931
226934
228216
231061
231162
233409
235889
235910
239275
241950
242232
242237
252487
254763
207196
207572
209722
212281
215509
225606
228669
228807
234767
244838
246043
247869
206020
208170
210679
211437
211447
216645
219974
220932
221348
221459
221466
221468
223043
225476
226777
227019
228677
231054
234223
235274
235886
235893
236644
247698
204668
205669
206022
207348
207549
207808
211531
211452
212274
212419
213225
218041
218030
218203
218216
221475
222955
226923
229758
235221
235903
236669
237532
240414
240419
242230
242819
247865
247874
279779
281103
288691
288741
289151
303707
303893
304154
305548
260115
271090
271947
288395
288850
289116
289156
289202
290144
292135
298239
301802
305160
257411
257868
288727
290901
292256
298653
305554
257413
260166
261193
291193
304023
304090
257054
280331
289427
289734
290139
290836
291420
298200
303887
257179
268960
289648
289695
292275
303881
303986
304112
259405
268947
271932
289110
289284
291139
291258
291498
298252
302710
260654
275298
276446
278452
280579
289661
290158
290182
303883
304079
304140
304146
306752
341206
314561
337541
341580
334482
349913
353669
358528
311905
311905
312694
322490
334632
315529
322220
335480
311910
311910
327899
328034
340967
356517
407559
416373
417499
375479
404770
407050
390648
421644
373898
440820
470141
503085
440817
449242
487721
490520
495262
452012
491983
492435
449819
505156
507422
512932
549416
557532
558235
562103
514796
526007
545517
513981
518097
549567
550611
541174
526011
511136
506044
527407
562257
596732
613391
740160
740160
746308
758679
757771
763900
771824
752363
746437
787955
681059
771977
746671
754832
787903
740171
740171
692338
752376
835909
843007
926177
832094
799590
813380
1009143
1009138
1031744
1253264
1061878
1253263
1160911
1182825
1192244
1101797
1101797
1000357
1055490
1465082
1495346
1495346
1531996
1309865
1249543
1317524
885245
1623515
1673961
1917699
1603801
1766950
2334691
2059315
2319394
1976504
2348477
2348477
2348477
2100509
2003941
2263427
2223024
2237900
1999354
2163607
2119775
2536445
1894891
2517651
2406071
2507500
2507500
1352769
2674744
2674744
2873438
2764658
2873439
2634238
2751821
2805428
2674277
2561733
2465594
2644695
1413864
2438106
2617539
2935848
3487103
3165371
3165371
3487123
3096961
3022695
3134127
3161531
3010210
3010210
3533906
3010202
3010202
3523594
3037378
3096959
3124903
3429613
3429613
3533907
3144829
3165348
2979718
3533867
3523141
3530889
3429612
3429612
3031001
3388402
2982748
3426612
3688160
3642248
4370907
4370907
4112803
3940175
4174312
4265369
4138173
4302699
3735563
3940172
4012140
3677107
3940155
4336586
3962610
3845782
3883660
3724437
4336604
3940179
4352790
4031334
4231760
4329803
3652761
4012158
3677096
4012916
4925516
4838097
4385771
4791712
5048951
4385755
5286885
5003102
4838114
4838123
4407505
5088633
4407133
5331748
5243119
4407486
4680690
4558700
4945000
4955803
5285719
5054360
4385729
4385750
4558685
4619433
4619433
4627437
4924320
5108543
5078001
5078001
5078001
4385745
4648716
5031346
5105218
4696712
5285827
5061707
4385726
4955811
4645849
4702228
5018286
5155756
4465694
4385769
4957654
5290578
4569758
5338604
4944998
5003100
5222818
4858620
4902572
5138318
4407111
4734166
4974939
5243278
5031340
5252979
5084583
4672656
4688919
5277099
5339043
4993005
4994444
6141429
6145512
5801921
5527197
5350082
5350179
5350179
5488699
5597717
5597737
6142275
6142275
6169116
6202245
5708570
5350963
5350963
6076856
5596175
5967077
5649766
6142265
6142265
6199283
6153188
6153188
5659740
5991152
6002963
5719833
6145514
5462933
5790043
5781707
6142286
6142286
5864879
6141478
5820703
5761253
5949107
6076900
6202369
6011951
5864951
6153112
6153112
5343961
6141412
5844861
6099396
6202177
6202177
6202267
6202267
5865070
5865261
6202198
6202198
6153076
6153076
5398029
5697584
6202274
6202274
5445160
5390232
5803927
6154376
6153092
6153092
6202266
6202266
6202299
6202316
6202211
6202211
5454661
6142282
6142282
6121543
5548180
5548180
5697586
6142284
6150759
6153118
6153118
5852968
5969706
5825583
5427646
5996328
5759530
5375940
6141438
5825582
5943354
5943354
5986531
5633710
6120720
5821686
6180852
6202254
6202342
6202342
6141493
5808310
5967046
6153187
6153187
5445207
5697379
5778186
5900555
5801905
5821949
6202252
