6553778
6751925
6732140
6559362
6736742
6275548
6460137
6740028
6634993
6634993
6498449
6571801
6571974
6460158
6734621
6754036
6742350
6420290
6733194
6395062
6736724
6617685
6574813
6574824
6510739
6584653
6551502
6726017
6323298
6434492
6434492
6742354
6544056
6292905
6733380
6696847
6574819
6428377
6686726
10477
10487
11055
11534
13054
13154
16065
21721
22524
26664
28606
28647
28926
29072
603
10226
10592
11053
13027
13092
13989
16247
16094
17774
5246
11873
13382
20593
25447
26672
27425
28164
28237
28511
29046
10522
10966
11026
11874
12034
12143
12593
13958
13986
14042
16428
24010
27001
27243
838
10484
10589
10648
11725
11751
12046
13180
13155
13313
14433
14503
16059
18872
23218
23308
24011
25249
26061
28145
28463
699
11752
11843
13241
13285
13396
13987
13988
14036
14009
14262
14642
16066
20167
26665
27886
28052
28496
28633
10593
10664
11813
12390
13567
14046
14198
14641
18428
26068
27534
28405
2909
11877
12056
13156
14523
16539
16540
26630
26752
30819
40454
52268
52292
52371
43788
46137
46494
50981
52339
29389
37965
42216
42534
46383
46562
52402
52359
58718
48706
52342
52377
52370
39333
46498
46597
51161
52272
52357
29265
33499
36353
48574
52391
56951
58277
29524
51025
52282
52319
52362
52364
35619
38412
46576
51034
85457
104828
122698
124744
124813
124847
125739
125750
125667
125747
126206
126227
126784
126826
126773
126829
126853
127706
128167
128822
130131
132506
64316
71804
72121
124891
124920
125161
125171
125687
126222
126260
127721
128200
128833
130037
130084
130110
130112
132247
132249
132410
87252
123707
123790
124764
124776
124777
124784
124827
124838
125696
125732
126776
126846
127016
127700
127709
128178
128826
130115
132160
132345
132348
132365
132390
132461
132441
123414
124832
124779
124915
124939
125788
126236
126201
126213
126833
126801
127028
127034
127715
127643
127695
128133
128834
130042
130094
130134
130140
130090
132228
132234
132347
139196
79992
83597
88075
102444
105913
119121
123792
124706
124711
124724
124732
124749
124765
124803
124922
125170
126794
126803
126850
126840
126999
127003
127698
128349
128351
130104
130116
132325
65952
71006
72030
75984
79144
101711
105045
121131
123798
124752
124771
124843
124906
124916
125156
125674
125682
126246
126203
126233
126234
126239
127024
128163
128169
128183
128114
128838
128840
128842
128899
129878
130040
130030
132195
132237
132260
132338
132359
132299
132445
132459
132527
139397
72947
124755
125165
125175
125729
126223
126230
126237
126195
126208
126843
127011
127697
128168
128892
128830
130130
132191
132205
132385
132361
132553
75550
77534
88518
98045
123453
123457
123720
124700
124739
124839
124924
125680
125701
126211
126218
126780
126836
127647
128154
128161
128191
130045
132230
132518
158253
161837
165577
187701
156420
157981
161396
183768
199670
144883
155838
166429
175368
176680
185390
185418
195793
158000
158163
185412
141355
150449
157941
158179
165532
168653
175366
184429
155675
158191
161392
162948
171852
180427
185383
185415
185452
201212
157808
200567
158249
165599
171907
191202
205090
210624
216407
225738
207324
205446
205461
205592
211385
248695
211886
217053
244932
205441
205436
209789
210626
255079
207327
209791
211869
216462
207254
216433
278298
278357
288691
289625
288850
290742
290829
291533
292135
292247
304077
280344
290848
292256
296303
257097
277190
278312
288808
289655
290888
291193
292137
304070
304029
273830
273831
277194
289118
289154
291210
292132
307728
257098
264633
273471
277200
288655
290719
291281
277218
278369
288432
288720
289631
304060
257103
265196
280342
289576
292239
319497
346019
353672
314561
315060
319478
334631
360022
319493
319495
356767
318326
311943
319485
349649
375636
376927
369790
411194
387531
410070
416239
449429
473079
435765
442932
474011
449591
490520
503374
507422
512539
516304
564882
623182
566072
650300
578535
751235
792818
686357
694310
707320
752600
746335
748743
801720
800868
821958
1009138
1174233
1407624
1541742
1460392
1385954
1732898
1729674
1589604
1680292
2210599
2210614
1982207
2264070
2338306
2338306
2005704
2048728
2452703
2674744
2674744
2708504
2720779
2564353
2564353
2800314
2601623
3487123
3031007
3133486
3133486
2994416
3199749
3199735
3199735
3520860
3362400
3345650
3642248
3896044
3896044
4020375
3895999
3883642
4181910
3962610
4004760
3611928
4925516
4925516
4377497
4377497
4377497
4385755
4680690
4680690
4385729
4648716
4702227
4385726
4955811
4702228
5155756
4957654
4600131
5098529
5004369
4777106
5222818
5204421
4454428
5098467
4475868
4672656
4541872
6177062
6141429
5401852
5986682
5670826
6146400
5940718
5884313
5991152
6177211
6141478
6143087
6157609
6121543
6142284
5852968
6167248
5440576
6176648
6141493
5725674
5900555
5935385
