6315557
6233845
6540530
6247187
6751756
6751766
6378780
6559362
6576687
6460137
6654587
6654587
6323445
6744780
6745299
6331755
6331760
6497135
6497135
6634993
6498449
6498449
6571801
6670624
6460158
6734621
6656581
6293034
6323429
6638620
6575670
6575680
6575685
6315868
6752720
6742347
6460781
6744036
6677037
6341238
6498277
6247160
6395062
6395062
6395062
6309206
6595799
6617685
6309203
6575681
6431321
6663360
6574813
6574813
6574824
6574824
6315886
6742348
6323469
6584653
6584653
6613947
6247152
6410567
6551502
6348976
6323298
6323298
6752840
6574800
6434492
6751820
6475461
6641177
6638628
6575668
6544056
6544056
6575682
6574799
6714016
6574818
6635007
6545873
6315895
6574798
6574819
6574819
6498283
6352879
1068
12373
14554
15090
16212
16218
16876
19792
25093
25445
538
7373
7816
13698
13989
15045
15101
17746
17774
18801
19593
19742
21189
23233
24169
23995
26784
486
5246
10693
12371
13991
17673
17969
18655
20211
22256
24589
28237
2263
10454
7391
12139
12370
12576
12789
7588
13497
13986
17131
22815
25766
5216
6332
6690
10714
11457
11751
12046
12391
16059
17129
17840
21816
23637
27487
28051
28463
1324
3251
5358
11458
11752
13045
13233
13229
13396
13987
13988
14553
17126
17666
22727
26284
26836
10298
12168
13091
14981
15720
16559
17121
17786
20210
21393
26233
395
2268
2458
5243
13302
14161
8346
17122
17153
17661
18539
33853
35427
36016
38357
43821
31652
46137
57983
30883
33252
43733
30817
42200
42200
32945
38816
33499
32247
34706
48862
29696
35429
35619
53670
85457
89895
96872
105914
123600
63949
65248
65877
104304
101509
104946
111271
68317
79992
79981
87699
117629
134774
85410
98073
126231
128842
139397
66759
93194
99922
83560
104949
126211
157993
158824
194457
144160
146648
157862
170229
177876
146196
161066
162640
168283
185379
192804
201203
181336
185679
194456
157870
184429
147782
158235
161027
166353
168866
192062
144221
144225
146213
157664
165282
185468
192419
159629
194452
208593
220336
252950
204804
223033
218210
225051
234725
205392
220339
225638
205291
205411
216462
221308
209951
213652
215583
215602
216433
223037
291712
303893
304127
304154
261148
304122
278272
304034
261160
289146
289427
291158
291210
261144
288730
289695
291395
304159
291498
286001
290206
333026
314561
315060
338820
349309
334482
352088
366689
334573
351120
311948
358891
375636
400394
434346
372256
398636
375882
405814
369327
387531
412505
468769
468769
473079
490064
494499
442932
506053
558625
553760
592365
563985
596732
564345
754880
709807
663327
745684
707320
926192
1009138
998043
1513484
1581192
1623514
1680297
1589604
1581187
2210599
2210614
2348478
2222963
2150825
2003941
1969273
2338306
2210597
2334896
1994929
2341597
2873438
2467831
2564353
2800314
2888498
2722372
2561733
2822645
2578282
2707912
2465563
3487103
3487123
3487123
3023802
3134127
3134124
3031014
3170177
2999615
3199749
3161630
3362400
3523577
3236320
3474013
2960519
3896045
3738245
3642248
3642248
3642248
4020375
3883642
4012140
4012140
3611913
4181910
3883653
4251255
4012158
3788317
5186386
5108565
4925516
4377497
4377497
5048951
5048951
4385755
4385755
5286885
5270622
5088633
5331748
5285719
5054360
4385729
4385729
4385729
4385750
5108543
4385745
4385745
5105218
4922480
5285827
5061707
4702227
4385726
4385726
4702228
5155756
5155756
5286834
4385769
4957654
4702205
5098529
5230911
4553419
5222818
4902572
5138318
5286954
5161651
5098467
4974939
4585053
4585033
4672656
4732544
5092043
4541872
6177062
5756994
5756994
6145512
5691027
5415036
5488699
5597717
5597737
6037732
5922918
5708570
5708570
5596175
5596175
5596175
6011867
6146400
6146400
5936530
6176674
6176674
6142978
5940718
5940718
5940718
5415044
6153188
5659740
5894468
5894468
5894468
5935521
5935521
5935521
5991152
6191866
6191866
6191882
5719833
6145514
5531532
6016441
6177211
5708519
5708519
5788476
5633617
6064624
6135580
6135580
5820703
5820703
5820703
6176886
6176886
6146425
6153200
5864951
5864951
5864951
5864951
6037704
5343961
5844861
6153064
6153076
5793065
6143087
6143087
6106070
5697584
6011928
6196606
5620587
5620587
5756851
5756851
5803927
6153092
6153092
6157808
6011805
6011805
6011770
6011770
6153118
6167248
6011872
6011872
6011849
5834667
5759530
6176648
5901883
5901883
5415251
5864935
6106949
6141438
5846890
5563066
5896122
5385120
6011835
6011835
6153187
5912356
5697379
5725674
5725674
5999435
