6571801
6375733
13316
19338
1321
11939
17790
13315
19339
19743
26779
27859
28142
17693
28463
13320
17252
19337
11696
12015
13592
17630
17791
29698
128135
139411
139406
116471
94399
83560
121423
193230
166301
144883
153108
173538
155675
193227
159629
466167
479781
507422
565603
564882
692853
752344
819162
1174233
1888850
2119773
1994935
2337179
2507500
2507500
2660920
3133486
3378227
3199749
3199735
3642248
3986905
4957654
4957654
4699330
4739846
5314476
5801921
5820703
5820703
5865070
5793065
5793065
5793065
5793065
6196606
5829462
