6748046
6233845
6540530
6553778
6247187
6721379
6732140
6732140
6275663
6285933
6285933
6285971
6285971
6286041
6286041
6734124
6286944
6286944
6559362
6559362
6736742
6736742
6710066
6576687
6749498
6286404
6286404
6286262
6286262
6728880
6728880
6750199
6452171
6275548
6275548
6275548
6275548
6654587
6311657
6683959
6491607
6744015
6741240
6741240
6497135
6498449
6480172
6571801
6571801
6571974
6732708
6286696
6286696
6607484
6378458
6360582
6607433
6285946
6285946
6728497
6728497
6723013
6575670
6575680
6575685
6731299
6731299
6754036
6736778
6736778
6736780
6736780
6559898
6742350
6742350
6567310
6495685
6460781
6742863
6742863
6742312
6264680
6264680
6247063
6247160
6247160
6247160
6733194
6733194
6286665
6286665
6736724
6736724
6617685
6617685
6494780
6581357
6529986
6275764
6575681
6450068
6748653
6748653
6748662
6748662
6449986
6751802
6742557
6604571
6510739
6739576
6685611
6303665
6584653
6613947
6723023
6529634
6271188
6726017
6726017
6323298
6742402
6286806
6286806
6286283
6286283
6286467
6286467
6286324
6286324
6574800
6728462
6728462
6286856
6286856
6286170
6286170
6286101
6286101
6742354
6742354
6566582
6739387
6739387
6727021
6636341
6641177
6575668
6568797
6544056
6292905
6386903
6732669
6264633
6264633
6264633
6575682
6574799
6733380
6733380
6578261
6450784
6574818
6562828
6285894
6285894
6610470
6495684
6739572
6677493
6416727
6275850
6356409
6752321
6545873
6285911
6285911
6741457
6742311
6491610
6491610
6285758
6285758
6378474
6707688
6529881
6748718
6673055
6574798
6749495
6749495
6451969
6428377
6275592
6275592
6228313
6734607
6307391
6275198
6249059
6380424
6629697
590
576
630
679
733
1416
1636
1764
1763
2010
1758
1766
2020
2258
2276
2278
2262
2277
2289
2663
2911
3962
4783
4889
5004
4997
5206
5820
6425
10099
6597
6687
6951
7061
7070
7081
7094
10404
10487
10577
10683
10942
11055
11363
11403
11427
11615
11958
11977
7358
7369
7372
12134
12088
12373
12747
12772
12597
12813
7455
12928
12934
12974
13060
13105
13128
13154
7812
7831
13294
13494
13570
13607
13464
13677
13747
13753
14056
14447
14449
14452
14453
14554
14446
14598
14599
14824
14597
14600
8285
15322
8330
15644
15840
15865
15931
16065
16207
16212
16397
16635
16873
16980
16989
17139
8933
17171
17249
8928
17295
17325
17356
17402
17408
9034
17300
17576
17711
17720
18221
9299
18249
18146
9469
18506
9600
18585
18795
18949
19182
19627
19780
9968
20145
20945
20564
20636
20953
20949
20647
20676
20977
21152
21707
21326
22134
22136
22139
22150
22250
22491
22685
23103
23156
23615
23674
23743
23853
23927
24165
24225
24516
24719
24993
25005
25093
25101
25120
25121
25158
25267
25129
25445
25564
25568
25680
25640
25952
25983
26036
25958
26005
26059
26118
26134
26187
26369
26455
26471
26481
26834
26617
26869
26741
27117
27484
27694
28080
28065
28102
28146
28147
28168
28272
28288
28289
28414
28440
28444
28446
28452
28461
28469
28472
28473
28580
28647
28869
28893
28894
28922
28926
28939
28871
29072
361
538
603
1171
1245
1321
1170
1396
1419
1635
1759
2271
2272
2274
2326
2380
2511
2533
2373
2914
5056
4771
5241
6253
6321
6324
10100
10136
10226
7074
10442
7089
10592
10600
7151
7189
10587
10727
10972
7284
11006
11053
11200
11224
11469
11600
11635
11816
11878
11878
11879
11875
11898
12053
12107
12278
12600
12738
12915
12918
12979
13021
7618
13196
13293
7804
13391
13401
13493
13584
13674
13868
7947
13886
7946
13989
8024
14063
14448
14451
14646
14819
14823
14826
8263
15022
15045
15148
15296
15373
15775
15808
15845
15890
16083
16388
8775
17109
17256
8917
17206
17333
17401
17426
9019
9035
17530
17587
17602
17632
17658
17945
17836
18323
18504
18793
18800
18990
9726
9753
19090
19344
19740
19741
19782
9965
20100
20908
20950
20972
20734
20735
21150
21511
21643
21681
22152
22731
23102
23401
23233
23413
23443
23738
23854
23991
23995
24236
24331
24373
24721
24601
24671
24514
25079
25122
25385
25442
25558
25574
25954
26021
26056
26046
26049
26052
26116
26121
26309
26462
26468
26476
26588
26629
26658
26666
26775
27238
27240
27371
27562
27570
27802
27806
27536
27991
28000
28034
28155
28274
28398
28279
28448
28454
28554
28648
28418
28430
28442
28467
28471
28874
219
712
596
604
619
1074
805
1070
1322
1426
1436
1835
1856
2245
2269
2273
2323
2379
2519
2387
4758
4759
4765
5129
5005
4994
5053
5246
6126
6191
6250
6658
6673
6860
6875
6854
7080
7095
7072
10504
10660
7187
10580
10582
10816
10885
7281
7283
10978
11226
11332
11531
11609
11601
11824
11856
12001
12071
7386
12109
12193
12628
12638
12780
12630
12785
12917
13127
13306
13071
13382
13402
13697
13869
14066
14189
14218
14444
14450
14459
14603
14817
14818
8243
8288
15372
15908
15950
16063
16238
16509
16410
8558
16709
8678
16940
17008
8889
17342
17407
17427
17458
9037
17649
17676
17684
17702
17856
17861
17928
17969
18140
18098
18436
18510
18515
18583
18590
18655
18808
9743
9755
19184
19315
19455
19679
19747
9929
19744
20015
9967
20107
20148
20161
20163
20034
20278
21156
22143
22142
21799
22135
21915
22256
22257
22494
22569
22843
23400
23231
23278
23635
23749
24172
24228
24511
24717
24589
24769
25092
25264
25386
25106
25447
25457
25478
25545
25588
25596
25892
25796
25950
25957
26008
25947
26117
26452
26484
26504
26577
26604
26627
26669
26672
26755
26783
26700
27116
27116
27245
27329
27391
27561
27799
28164
28179
28271
28298
28417
28435
28441
28615
929
1111
837
1399
1421
1433
1434
1592
1423
1659
1815
2264
2125
2263
2385
2384
2322
3525
4609
5063
5115
5353
6325
10221
6659
6678
10264
10267
10369
10406
7152
10805
7150
7171
7177
7188
10779
11221
11225
11327
11197
11587
11846
11855
11926
11964
12031
12039
12084
12139
12226
7407
12258
12477
12635
12748
12789
12579
7452
12972
13069
13097
7819
7822
13234
13378
13400
13572
7959
13944
13986
14013
14042
14382
14441
14442
14547
14445
8145
14789
15037
15043
15044
15078
14982
15374
15421
15659
15743
15800
15948
8351
16155
16159
16428
8559
16879
17131
8932
17209
17298
17310
17339
17350
9009
17365
17677
17688
17857
17944
18366
18444
18505
18512
9599
18587
18597
18640
9741
19142
9727
19302
19583
19604
19653
19743
19745
9927
9936
20106
20162
20907
20980
21086
21370
21619
22132
21952
22111
23039
23399
23397
23220
23224
23620
23878
23736
23857
24171
24339
24515
24573
25007
24925
24940
25098
25107
25128
25154
25383
25113
25526
25766
25893
25794
25932
26004
26004
26043
26414
26408
26498
26558
26578
26681
26706
27279
27345
27565
27936
27966
27859
28032
28142
28100
28367
28416
28432
28434
28450
28626
28885
28429
28510
28644
838
870
1075
1415
1279
1337
1338
1422
1417
1650
1826
2265
2431
2348
2934
3300
3564
4634
4767
5128
5207
5216
10062
6422
10170
6605
6690
6684
10223
10294
7090
10484
10599
10640
10588
10823
11090
11457
11595
11597
11610
11645
11725
11751
11847
11948
12050
12149
12391
12364
12700
12784
12634
7453
12882
7568
13126
13180
7808
7823
13070
13109
13467
13470
13573
13694
13848
13870
13946
14171
14387
14443
14454
14456
14458
14540
14559
14503
14596
14601
14825
8259
14878
15842
15917
16069
16114
16537
16801
8677
8825
17046
17081
17129
17136
17204
9021
9031
9137
9219
18500
18503
18508
18513
18557
18695
18774
18785
18806
18948
18977
9733
19188
19630
19734
20008
9960
9977
20164
20213
20557
20596
20686
21529
21339
21702
21735
22151
21816
23032
22492
22495
23613
23614
24095
24233
24722
24620
24833
25003
24868
25095
25116
25131
25147
25223
25268
25616
25529
25548
25699
25717
25894
25944
25940
26003
26025
25956
26071
26072
26137
26160
26367
26188
26301
26483
26487
26585
26594
26875
27487
27535
27818
27968
27800
28048
28088
28138
28276
28354
28413
28420
28424
28431
28439
28443
28458
28460
28462
28464
28466
28474
28475
28627
28640
28872
28433
28447
28453
28581
28625
28888
592
727
1064
1172
1435
1582
1324
1547
1816
2104
2027
2279
2291
2377
2430
2434
3565
4615
5164
5358
6520
10229
6865
7065
10296
10581
7170
10681
10583
7279
11123
11458
11604
11752
11823
11867
11955
11940
12175
12214
12182
12223
7427
12321
12665
12735
12736
12799
7448
12999
13045
13073
13145
7730
13233
13243
7828
7833
13396
13492
13529
7945
7948
13987
13988
14064
14262
14276
14457
14553
14564
14671
8191
15023
15042
8286
8262
15316
15328
15499
16066
16113
16138
16404
16415
16422
16553
16960
16977
8828
17047
17083
8874
17126
17252
17340
17430
8997
9032
17610
17611
17618
17665
17933
17899
9224
18281
18511
18514
18738
18909
9707
19180
19223
19381
19443
19790
20031
9962
9972
20167
20431
20942
20615
20952
20644
20975
21164
21718
22133
22148
22277
22528
22727
22768
22943
24232
24253
24325
24756
24999
25152
25254
25258
25377
25454
25698
25718
25780
25943
26002
26031
25859
25961
26041
26045
26278
26308
26413
26812
26836
26707
26589
26661
27328
27886
27992
28007
28049
28052
28064
28143
28225
28423
28427
28438
28449
28451
28478
28613
28772
28887
28941
28426
28633
28767
28884
644
871
1420
1418
1142
1562
2109
2124
2270
2266
2275
2382
2433
2383
2444
2514
4770
5210
5576
6604
10298
7084
7083
10593
10778
7280
11032
11201
11271
11611
11696
11608
12108
12168
12188
12255
12322
12324
12358
12350
12598
12970
12911
13091
13558
13598
13592
13923
14001
14046
14062
14169
14180
14460
14592
14629
8155
15660
15720
15876
8343
16062
16239
16273
16424
16429
16548
16927
16862
16981
17121
8906
17207
8918
9016
9024
17625
17630
17657
17670
17786
17941
9222
18143
18290
18501
18509
18649
9751
19183
19457
19606
9906
19706
19708
19625
19739
9933
19856
9966
9975
20210
20387
20460
20559
20976
20978
21149
21373
21719
21704
21772
22130
21963
22986
22593
22605
22728
23232
23398
23495
23673
23612
23821
24168
24340
24356
24716
24623
25088
25153
25163
25224
25255
25260
25378
25639
25563
25569
25681
25740
25816
26029
26035
26006
26047
26068
26082
26143
26119
26298
26802
26810
26662
26675
26701
26718
26719
27449
27695
27534
27913
27946
28156
28273
28224
28405
28419
28422
28425
28436
28437
28459
28465
28468
28470
28476
28477
28552
28574
28624
28641
28649
28769
28487
82
402
665
777
1071
1323
1254
1634
2021
2268
2429
2470
2292
2664
2890
2909
3589
4383
4470
5127
5243
5715
6205
6537
6573
6529
10225
10228
6893
7098
7085
7088
7145
7157
7166
7156
10845
7265
10994
7282
11398
11384
11632
7316
11769
11983
11971
7366
12125
12194
12269
12754
12947
13156
7821
13288
13302
13335
13148
13191
13571
13581
13700
13844
13955
14455
14929
8261
15041
15459
15805
15810
15878
16215
16279
16405
16556
16750
16800
8681
16842
8764
16978
17122
17153
8913
17301
17403
17428
17429
17431
9023
9050
17586
17617
17635
17638
17661
17690
17736
17838
17930
18089
18499
18502
18706
18947
9748
9810
9807
19192
19581
9926
9932
19936
19967
9976
20099
20159
20876
20594
20971
21699
21819
22185
22112
22375
22493
22529
22944
23627
23672
23869
23882
24268
24699
24718
25090
25127
25151
25225
25257
25261
25641
25795
25951
26050
26063
26358
26366
26120
26473
26833
26508
26630
27433
27804
27937
28008
28033
28269
28375
28411
28415
28421
28428
28456
28457
28671
28870
29295
29337
29499
29868
29879
29921
30325
30585
30693
30819
30772
30865
30878
31027
31192
31193
31203
31660
31839
32005
32321
32532
32941
33251
33087
33288
33782
33923
33925
33999
34333
34380
34558
34586
35162
35427
36016
37582
38357
38418
40454
40470
41512
41512
41607
41768
42556
42562
43233
43748
45945
46077
46612
48573
49308
49190
49357
49362
49509
50256
51171
52371
52535
53973
54886
55573
55730
57855
58159
58274
58583
58727
29294
29498
29911
29920
30353
30604
30620
30692
30720
31266
31268
31419
31433
31877
31985
32035
32322
32858
32929
32942
32951
33157
33022
33290
33367
33368
33854
33997
34321
34359
34772
34837
34846
35586
35920
36296
36311
36642
37046
37131
37166
38343
38387
38387
39520
40800
40801
40804
40808
41110
41418
42251
43252
44022
45116
46137
46494
46580
46582
50070
50014
50806
50981
51107
51174
52324
52374
54168
54902
55559
55649
56675
58668
29315
29391
29500
29551
29697
29756
29845
29757
30221
30361
30568
30625
30883
31009
31030
31037
31191
31262
31344
31386
31654
31871
32604
32006
32134
32395
32956
32948
33252
33380
33666
33668
33564
33916
33910
34329
34696
34663
35059
35115
36012
36442
36654
37136
37173
37194
37242
37965
38377
38836
39312
40778
40760
41944
42008
43683
43778
44827
45141
45917
45928
46079
46502
46383
46562
50224
50804
51032
51168
51210
52329
52402
52862
54923
55625
56254
57253
58718
58735
29183
29197
29264
29320
29390
29527
29671
29678
29692
29694
29698
29755
30355
30524
30817
30833
31077
31081
31260
31263
31297
31329
31625
31594
31720
32634
32192
32135
32531
32488
33127
32847
32862
32991
33433
33493
33958
34006
33991
34008
34116
34376
34349
34724
34595
35712
36524
37994
39322
39371
39403
40220
40233
40791
40803
40991
42400
42549
42619
43426
45061
50022
50187
51055
51110
51182
53463
54113
54189
54805
54831
54904
55551
55587
55629
55829
57471
58148
58275
29268
29276
29454
29453
29740
29869
30237
30014
30697
31258
31269
31404
31566
31721
31718
31928
31987
32007
32137
32859
32945
32955
33012
32961
33296
33452
33399
33838
33855
34009
34481
34123
34366
34428
34651
34815
35117
36883
37071
38345
38816
39319
39350
39640
39788
40795
42398
43288
43697
43947
45652
46081
46607
46597
46678
47984
49913
56953
58101
58601
58722
29233
29321
29501
29758
29844
30241
30242
30512
30603
31022
31194
31102
31261
31627
31634
31855
31744
32320
32949
32940
32952
33780
33938
33963
33837
33842
34109
34120
34332
34365
34536
34882
34905
35129
35733
36309
37625
37987
38768
39641
39644
39646
40806
42347
43780
44319
45681
45913
46542
46593
46590
48286
48557
49972
50198
50802
51115
52848
53695
54837
54859
55605
55656
55663
55727
56009
56194
56951
58277
58751
29208
29201
29685
30147
29985
30306
30354
30362
30715
31028
31017
31078
31257
31264
31265
31259
31452
31455
32751
33177
33271
33563
33743
33756
33856
33912
33961
34031
33996
34107
34706
34606
35043
35425
37161
37639
38001
38391
38775
39214
39249
39267
40764
41950
42258
42337
43425
43729
44273
45092
45505
46587
46684
48862
49118
50194
51050
51075
51106
51215
52362
52841
54910
54848
55592
55705
55710
58626
29185
29371
29580
29743
29875
29878
30245
30695
31018
31035
31111
31267
31247
31728
31730
31865
31884
31970
32396
32943
33777
33742
33747
33919
33934
33843
33852
34556
34593
34661
35071
35429
37643
38412
39245
39374
39638
40449
41516
44324
46506
46546
46554
47905
49351
50010
51144
54164
55720
56612
58188
59457
61036
61410
63054
63188
63190
63637
64703
66012
66136
66260
66387
66292
66765
67646
68557
73049
73080
73186
74657
75553
75602
75949
76129
76311
79631
79833
80428
80572
81834
82702
83332
83698
84385
84598
85065
86376
87872
88536
94412
94472
94737
96458
96466
97511
100845
102363
102365
102439
102548
104828
104968
107188
107866
108093
110259
111752
111766
112919
113139
114386
116209
116226
116915
117208
117567
117492
119131
121394
122778
123326
123482
123595
123616
123549
123755
123960
124174
124188
124756
124744
124847
125159
125265
125787
125798
125667
126264
127896
128889
128857
129086
129248
130004
130017
130142
132190
132217
132274
132326
132344
132499
132502
132465
132626
132632
132762
132776
132791
135297
137584
138126
138671
138686
60147
60700
60970
61016
60979
65443
66332
66786
68562
68603
68753
71028
72121
72448
72626
74861
74855
76227
76305
76423
79463
80034
80085
80489
81974
83336
86809
87625
88935
89895
90367
92781
93445
94466
94513
96035
96836
96926
101756
102507
104933
105914
107795
110241
111780
112703
112833
113694
114221
115534
116391
117986
119080
120702
122340
122792
123622
123547
123601
123717
123752
123689
123718
123824
124920
125166
125743
125784
126240
128117
128171
128236
128862
129072
129110
129110
129988
130088
130092
130101
132261
132264
132266
132277
132330
132369
132399
132410
132437
132472
132591
133391
133401
135264
135301
136995
138127
138325
138668
138957
140087
60965
61332
62772
63181
65068
65248
65360
65611
65866
66133
66767
67176
68600
70859
71009
74801
74952
75047
75684
75898
78668
79640
79650
80011
85067
85360
88956
90676
91838
92779
92784
93242
95458
96262
97502
98519
99625
101285
101514
104304
106673
110122
110341
111062
112948
113450
115116
115714
115960
116101
116751
116839
117200
117447
117450
117614
119897
121388
121412
122655
123373
123489
123618
123707
123790
123967
124209
124546
124764
124838
125261
125791
126615
126816
127428
127708
128172
128344
128358
128371
129165
132185
132356
132365
132390
132331
132406
132496
132565
132566
133454
133457
133766
135274
139279
139399
59496
60205
66080
66288
67528
69970
70723
71022
71093
73240
75889
80093
82719
83380
83684
84619
85383
87742
87749
90681
91436
91408
91943
92083
92728
96123
96853
96891
98098
100835
102369
102429
104939
104946
105956
105972
106611
106613
110251
110261
113379
115725
115945
116105
116400
119637
121387
123306
123414
123476
123808
124779
124915
125779
126833
126801
127041
127431
127434
127857
128125
128222
128753
129078
129139
129143
129996
130000
130032
130068
132218
132275
132305
132316
132364
132371
132532
132524
132573
132619
135031
135306
136992
138729
61002
61113
61246
64808
68317
78850
78968
79992
80053
80100
80104
80405
80425
83592
84410
85368
85603
85613
86744
87261
87705
90692
91952
92435
92730
94653
94643
96455
97098
98091
98101
98835
99622
101499
101745
102986
103801
105170
105913
106604
107137
110254
115731
116157
117500
117505
117629
117631
119121
119900
121948
123503
123568
123597
123610
123623
123624
123594
123710
124200
124749
124765
125267
125796
126242
126591
126803
126840
127691
128123
128231
128349
128351
128355
128845
129151
129991
130015
130051
130120
130126
132263
132329
132394
132526
133460
135272
135338
135285
138339
138346
138659
138662
138674
139190
139388
60861
60996
61148
65112
65952
66008
66009
66265
66282
66781
68505
68595
68630
69790
69802
70721
70867
71006
72030
72952
74286
74696
74700
74842
75473
75984
78531
79533
79665
80466
83675
83712
85352
86486
87722
88199
92071
93221
94522
96186
96970
97986
102372
102377
102514
102543
104790
104957
107489
107492
107717
110244
110274
110977
111753
112694
113092
113372
113701
115542
115673
115708
116382
116901
117457
117646
118858
119910
120795
121131
123364
123427
123659
123666
123798
123716
124820
124906
124916
125674
126228
126234
127881
128169
128177
128209
128347
128362
128840
128848
129251
129987
130079
130138
132354
132386
132299
132462
135007
135630
136372
136378
137663
138948
60178
61019
63474
63552
63580
64330
64599
69599
69627
71042
71095
71760
72636
74802
74853
75995
76089
76382
76428
78544
79656
79690
80057
80450
80632
83373
83528
85390
85447
85358
86800
87137
87282
87635
87681
87712
87726
92954
93194
96192
97522
99626
99922
102370
102361
104969
106009
109879
110236
110270
110574
110952
112700
112828
115711
115943
116403
118855
119601
120752
123471
123542
123558
123765
123770
124163
125963
127224
128165
128168
128193
128164
128451
128816
128852
129069
129155
130097
130130
132257
132334
132360
132366
132362
132495
132606
133573
133613
134204
136030
138656
139280
139377
60872
61326
61337
61804
64291
65810
66277
67207
67606
69622
73114
75200
75690
77418
77534
77902
79274
79676
79551
79922
79957
80076
80041
80416
81736
81979
82520
83320
83560
84401
85031
87310
87663
87669
88417
90328
90593
91149
92354
94497
94611
94647
95009
96846
97488
97506
98045
98944
101523
101542
103718
104931
107718
108118
116409
117756
119139
121423
123433
123605
124739
124839
124924
125246
125257
125778
125680
125701
126211
126650
127651
127690
127729
128188
128203
128470
128859
129161
129162
129482
130106
130121
130149
131472
132236
132284
132340
132442
132448
132456
134217
135036
135278
139326
142161
144500
145796
145853
146743
146690
146887
147170
148096
148066
148824
151840
152005
153118
153237
153333
157057
157660
157897
157904
157913
157917
157937
157993
158201
158245
158227
158261
158253
159717
161400
161790
162113
164707
165146
165454
165577
165586
165603
165613
166449
167528
167881
168409
168442
168464
171052
171225
174508
175281
177183
178823
178824
179749
180104
184599
185462
187701
187794
191011
192314
192816
193249
193939
194326
194365
194457
194475
196064
196537
198991
199002
199271
199354
200192
201195
203321
203678
141988
144149
145282
145284
146659
147289
147729
148122
150211
151476
153789
154020
156420
157068
157671
157606
157820
157862
157903
157975
157981
158170
158203
158218
158237
158255
158263
160581
160587
161518
162761
163253
163781
163945
164433
164439
165150
165494
165521
165566
165671
166195
166301
166433
167041
167839
168281
168468
169644
170229
170966
171910
173410
173912
176654
177430
177863
177876
178005
178817
179743
181522
182049
182551
183768
185694
186507
186991
188590
191245
192066
194323
194462
197980
198130
199000
199005
199059
199141
199408
199387
199670
200345
201504
203399
203584
203669
203691
141372
142529
143398
144199
144883
146196
146550
147051
147973
148105
150483
153016
156227
157818
157839
157887
157943
157972
157940
158197
158207
158223
158232
158241
159274
159678
161793
163178
165443
165579
167896
167989
168283
170173
171217
172970
173418
173538
174390
174524
174552
176680
179854
180136
181480
183189
185379
185385
185418
185436
185470
185656
185660
185807
186996
187022
187319
188071
191730
192116
192804
193273
194376
194487
195645
195793
195851
195875
197586
198132
198247
198292
198989
199090
199093
199142
199235
201203
201528
202786
203589
141351
142551
143396
144531
144789
144797
149998
150446
150455
153008
153058
153241
153993
153996
156006
157948
157952
158163
158816
159518
160283
160691
161380
162338
162698
163489
163786
164360
164468
165461
165552
165573
165606
165651
166435
169608
170079
171133
171129
172055
172062
177925
177989
178490
180206
180824
181336
182056
183903
185412
185596
185679
185675
185826
188561
189160
189190
189870
190853
191217
192311
192385
192728
192807
194456
194905
197619
197966
197981
197982
198259
198997
199150
199242
199365
201564
203572
141359
144447
144951
148068
148110
148124
148132
150469
153711
155834
155834
156092
156359
157618
157834
157870
157950
158071
158171
158221
158088
158149
158247
158251
160221
160287
160615
160623
162371
162875
163594
165523
165532
165567
165593
165607
165619
165596
166073
166398
167899
168420
168434
168462
168471
168653
168999
169213
170227
170234
171205
171319
171904
172065
172363
172912
173162
174500
176016
177603
177616
177868
178858
181517
182053
184429
184584
185152
185337
185392
185500
185558
185570
186945
186984
187012
187695
188576
188956
189119
190903
192387
192744
192813
193021
194469
199001
199151
199309
199398
200378
200877
203585
203929
141320
141980
144157
144491
147688
147982
148071
148135
149720
150008
151452
151457
152736
152827
153028
154558
155675
156995
157859
157987
158032
158185
158191
158209
158212
158229
158235
158250
159731
160290
160601
160617
161027
162948
163486
163502
164226
164228
164460
165438
165614
165632
165678
166439
166446
166450
166800
167559
168448
168457
171219
171221
172304
172311
173116
174529
177621
177883
179747
184626
185383
185403
185452
185493
185599
185821
187010
187688
187724
189319
190942
191361
191620
194897
196542
198284
199048
199148
200189
201937
141992
142035
144221
144952
145751
146265
146650
148024
148125
148727
148834
149174
150003
150006
150097
150436
151430
152753
152994
153065
157664
157675
157808
157865
157926
157951
157959
157958
158137
158814
161404
162703
164713
165282
165316
165468
165539
165549
165643
165555
166333
166338
168445
168664
169681
170177
171209
171880
172043
172298
173905
174547
175416
178712
178815
181514
184442
185240
185468
185508
185748
186498
186517
187690
187909
188591
191239
192007
192119
193046
195637
195651
195747
195813
196997
198446
198987
199055
199362
199963
199969
200567
202747
203323
203550
203689
141378
143401
143558
144960
144982
145742
147028
147031
147991
148011
148115
148130
148139
148714
149127
149170
150010
150011
152002
152760
153204
153987
156410
156438
156983
157651
157822
157907
157946
158175
158187
158194
158239
158258
158807
158812
159629
159708
159720
160280
160585
160602
162715
162748
162774
163485
163588
165142
165473
165506
165526
165553
165556
165599
165602
166390
167897
168113
168671
170475
171831
171907
172051
172145
172928
173902
174469
176028
178340
180103
182546
185819
186987
187308
187521
188558
188573
191250
192105
192391
192819
193276
193440
194452
194466
194480
196485
196921
196990
197987
198108
198984
199237
200198
202752
203556
203672
204513
205914
206416
207189
209938
210624
210780
211814
212433
212486
212910
212914
212920
213458
214567
215137
215144
215490
217266
217302
217322
217380
217771
218756
220297
221806
224749
227612
227716
228140
228788
228798
228804
228931
229009
232350
232542
232862
234936
239322
239998
240596
240599
241440
241830
242553
242772
243091
243111
243478
245088
245099
245214
245585
245974
245978
246589
248415
248642
248820
249315
250112
250422
250427
252573
253146
254825
254920
255116
255112
256123
256334
256485
204978
206042
206121
207324
209786
209782
210627
211131
211324
211432
211705
212323
212482
212917
212983
213203
213890
214221
214551
215136
215141
215713
215720
217142
217531
218965
219971
219979
220184
222874
224322
224585
224750
225063
225697
225741
226461
228135
228781
228966
229215
229850
233388
234948
234975
236691
237640
240002
241728
242791
244799
246113
246123
247668
247674
248641
251398
251403
251406
251525
252950
253148
254295
254884
255559
256114
256320
204536
204804
204973
205592
206411
207294
208188
208766
209073
209908
210643
211385
212307
212505
212907
212998
213228
214062
215139
215599
215606
215619
215973
216379
218180
218497
218506
219621
219972
219975
220320
222158
222262
223033
224254
224756
225350
225440
225498
225717
227722
228531
228778
228783
228794
228801
228818
228899
230124
231192
234017
236409
236608
237195
237680
239222
240063
240593
241127
241832
244982
245570
246592
246593
251981
252449
205429
206028
206421
206954
208606
209056
210806
211134
211886
211895
212499
213693
215121
216429
216630
216990
217053
217770
218210
220210
221047
221535
224477
225051
225619
225621
225695
226936
227938
228764
229106
229503
230128
230229
232858
234166
234725
236626
237537
237636
239415
240003
240423
240587
241442
242781
242929
244427
245081
245577
245601
245851
245968
246216
247689
247730
250419
250486
204532
204963
205392
205407
205424
206335
207552
209063
209369
209789
210626
212909
213997
216374
216436
216830
217491
220069
220253
220872
221300
222161
222443
224474
225056
225495
225638
228543
228985
229015
229524
230051
231177
231304
234197
235519
236412
236609
237193
237632
239419
242406
242423
242609
245563
245574
245942
251507
252453
254879
255079
255115
255121
204218
205291
206129
206118
206337
207327
207855
209713
209791
210705
210727
211869
212281
213690
214565
215100
215509
215633
216236
216462
218075
218972
219156
221192
221232
221308
223083
224621
225494
225744
225748
228807
228808
228810
231105
231109
231643
234127
234144
234523
234767
234823
235194
235210
235535
235535
237635
238416
239713
240440
240579
241138
241947
244612
245501
245597
245934
247740
248638
249615
251753
252583
254005
255686
204850
206122
207254
207293
209052
209070
209761
209922
209951
210883
211511
211685
211873
211904
211926
212923
213652
215117
215535
216645
219618
219974
221186
221188
221304
221457
222148
222163
223196
223218
223927
224827
224870
225476
225688
225756
225918
227096
228797
228805
228819
229720
229980
230951
232766
234126
234223
234945
235196
237638
241694
241889
242384
242557
243405
244435
244774
245086
245394
246222
247657
247678
249370
249695
251452
254834
255119
255488
256121
208141
209066
209616
209653
209679
211450
211452
211819
211876
211889
211917
212274
212419
212511
215602
215945
215951
216433
216444
216471
217335
220344
221035
221178
221228
221241
221243
223037
223202
223221
224753
225398
225751
225919
226923
228761
228785
228811
228812
228815
228962
230225
231015
231285
231288
231436
232037
232216
232916
232930
235515
236588
239348
239993
241319
242150
242388
242779
242789
242776
245590
249690
250695
253593
256323
257580
259748
261114
261205
266880
269403
269775
271082
274619
274619
276057
277716
278298
278357
279607
279616
279653
280216
280452
280648
281077
281100
282516
283069
283147
284090
284338
287196
287495
287496
287676
289183
289625
289633
289678
290983
291413
292158
292284
296336
296885
297790
297975
297979
299349
301230
307601
308299
308647
309826
257196
257827
259790
260204
260320
260678
261126
261148
262057
263514
269393
269400
269842
270883
271760
271947
273305
274169
274768
275599
276407
277519
278470
279614
280363
280403
285006
287406
287598
288859
289116
289186
289208
289638
290144
290824
290829
291449
291533
292008
292135
292247
297232
297745
299400
300992
301802
303675
303925
305160
307596
309039
257183
257896
258493
259828
260271
260281
261201
263507
263557
263595
265601
267033
272129
274616
274616
277261
277516
278272
278517
279627
280376
283156
283841
284872
287659
287707
288419
289049
289195
289485
290848
291179
291386
291567
291985
292253
296303
296789
297481
297858
298257
300274
303664
303958
304129
304214
304117
307208
308072
308075
308296
308301
308992
257097
257175
257761
258318
261059
263510
263571
265603
268036
268574
269409
270844
271161
271725
271732
272131
273825
275595
276059
277190
277223
278511
278515
279587
279599
280211
280402
284319
284308
284335
287187
287565
287572
288897
289442
289649
289743
290888
291131
291221
291543
291990
292002
292137
292282
292302
293971
293977
295347
295326
297774
297810
297832
298162
299703
300973
301721
304029
304221
307189
308078
308294
309654
257091
257324
258162
258995
259045
259630
261160
262053
262144
268566
269831
273279
273829
273831
274589
276855
276964
277194
277663
279595
279630
280196
283075
283136
283564
284358
286677
287490
287656
288885
289118
289427
289641
291158
291182
291200
291210
291988
291999
292080
292288
292198
297408
297813
299718
300394
300562
302267
304094
306495
308342
308664
308994
309021
257076
257098
257753
258509
260255
261144
263496
264647
266142
266979
267005
269837
270876
273293
273471
275598
277200
277961
278471
279620
280210
283064
283177
286109
286673
288735
289660
290125
292163
297983
298042
299368
299712
299895
302262
303881
303992
305256
307594
308663
309831
257028
257090
257326
257585
258169
259629
261613
268450
269406
269606
270894
271196
271932
271985
273847
274237
274606
275413
277218
277221
278369
279621
279649
280456
283060
283096
283126
283150
283775
284085
284116
284334
284343
285596
287609
287648
288579
289127
289284
289631
289640
289644
290363
290881
291989
292104
292285
296313
296512
297050
299608
299694
300559
301053
301232
303690
303951
304060
307182
308067
257103
257163
257191
258173
258174
259601
259632
260338
261104
262241
265196
266724
269846
271125
271151
271743
272507
273281
274240
275714
275920
277534
277681
278507
279600
279601
279613
279641
280219
281748
283086
283099
283120
283141
283185
283706
284326
284342
288171
288738
289089
289164
289275
289494
289634
290182
291175
291404
291509
291986
292239
293951
293962
296801
297479
297837
298253
299706
299899
301915
303418
303883
303995
304085
304420
304677
305983
307723
307947
308850
312070
312434
313863
315086
315497
316132
316151
317506
319497
319615
320866
321945
326729
326750
330063
330047
331654
335708
336719
337759
339356
341206
341872
346265
346855
349289
349655
353672
360543
361075
361802
364432
364609
364612
364644
365066
310878
312438
314951
315060
315343
315252
315492
317260
318823
321290
323191
324791
326653
331206
335692
335694
335697
339859
339861
341356
341826
348440
350532
357085
359793
360487
364588
364731
365060
365149
310862
310889
312884
313973
314566
319478
319638
320836
326615
326613
329201
334631
338716
338765
340083
341866
345046
346985
350504
352088
356766
357075
359955
362505
362884
364092
364622
364632
365057
310855
310871
311138
311509
312915
313779
314105
314786
316176
319199
322461
323534
330710
331714
333577
338189
339360
340773
341360
346976
348673
348708
349313
349329
351952
352328
361943
364446
364630
365082
366689
367934
310334
310858
310874
310896
312430
314570
316148
319117
319495
323776
326210
327765
331482
336992
340399
340774
341361
344569
347653
350399
351120
354553
356248
356570
356573
356767
359966
364614
364626
366551
366710
367931
310169
310899
310902
311134
311293
313857
318952
319113
319498
319499
319635
320851
325424
326742
327525
329225
332393
332396
332424
333004
333011
338727
338816
344550
348676
350501
351484
355732
359030
359326
360121
361808
361879
365063
310885
310892
311317
311318
311321
312894
314240
315247
318827
319485
320069
320348
320884
322434
323582
324745
326756
327755
328058
328225
336594
337763
338714
338723
339626
341562
341713
346445
347926
349254
349659
358117
358472
358475
363609
364586
364595
364646
368030
310854
310864
311315
312120
319021
319096
320353
320841
321876
322632
324743
325499
326739
326761
328034
331201
331485
332666
333578
333582
335712
336257
336267
344620
345226
346012
346493
352184
354714
356244
358486
360106
364606
364657
366091
367926
371227
375639
376911
376916
378888
380112
385723
386284
399141
409294
409301
412464
413668
417118
417122
417493
418124
419717
421924
428755
370320
371173
372192
375963
384752
384766
384771
390380
397204
397207
403070
404117
409286
409296
412025
416527
419986
423769
426969
428113
428921
434346
368743
369790
372256
375951
378184
378188
379297
381621
381795
384050
387147
387236
389123
390359
392426
393138
393662
397202
398938
398943
399157
399126
402119
402433
417125
417498
421259
421438
421479
421490
426866
428516
428974
433400
433638
434177
370007
370096
370899
372748
375912
375958
382198
384517
384995
388663
390903
399135
404869
413768
417884
419719
421254
421408
424232
424234
428756
429167
371170
371556
374528
384486
385727
389130
392356
392438
394673
395644
395907
408567
411194
412270
412448
413869
416322
416521
421485
421474
421737
424763
426967
432456
374684
375682
375686
377787
384760
384824
392412
392440
394468
394691
398911
399018
399023
399031
399120
399145
404557
404770
412547
415282
415353
419071
419936
421256
421472
421487
423021
427058
428495
433660
369805
370097
370132
375473
375882
375971
382181
382344
384276
384479
384483
384503
384755
389924
392420
398914
399151
403077
403463
404054
404424
405814
407046
407711
407851
409306
413662
421257
421261
421404
421480
426863
434180
370119
371169
372745
375140
381870
387153
392409
392433
392382
393846
395013
398423
399162
399194
403453
403472
404046
404552
410070
416435
421639
421674
421684
421758
428519
429573
430522
448756
451386
453549
460083
465794
468790
469543
473543
473598
473763
474237
475248
481362
489993
490342
490347
492260
494658
495365
499148
502746
435838
435976
446622
446645
449088
451656
451870
468722
470794
486223
486749
495392
496828
500534
435602
442524
446632
446636
446641
446912
463234
463974
464172
465586
468578
469843
472445
473623
480479
487721
492398
495412
499353
502627
502783
435765
435968
443640
445368
446536
461445
461964
463978
464165
466167
468571
471921
475383
475478
478844
479781
482194
482542
483022
488194
489909
489996
492419
494499
495509
435241
445440
450671
461151
468705
469559
471144
476365
479727
484017
484785
486824
491544
493845
496744
438566
443018
443457
446649
449591
453311
457205
466131
466297
467030
468673
469831
475245
475304
475640
476364
476374
487654
489179
492459
492494
495405
496683
496725
496759
498226
435826
436020
442422
444451
446660
447174
449311
449315
462443
463387
468851
469838
472188
490542
490946
491983
492435
494119
496684
496686
498513
501143
502009
503318
438281
440043
442518
446626
449819
454532
457183
462946
468614
469834
474034
479079
481683
486963
488883
493986
494113
506053
509094
511651
519132
524457
526523
529532
535459
535459
535459
545570
547975
548310
548772
552843
554749
555160
555179
504162
504933
506500
508901
510442
515580
525276
535478
548781
549324
555159
555187
555835
558394
559929
506029
507265
507348
514073
515865
518356
520127
520266
526007
526516
531399
540766
542084
542659
548866
551169
555189
555836
557427
504195
513981
520673
527689
529207
536891
538503
540205
548849
549567
550611
552335
555830
508875
514016
517985
525372
526958
527455
528416
532989
535477
536481
536807
538129
539189
540360
543424
551019
552172
555302
555824
558893
560690
507234
512539
513009
513773
517984
519905
519946
541603
542408
546471
548315
549784
555172
555252
559780
506037
510551
513039
515067
515311
516294
525412
531793
536851
539217
546719
548021
555833
555834
557666
560880
562052
515060
520684
525295
528187
538084
540724
549321
552340
555167
555185
555312
558822
562754
564586
572893
583485
585557
589628
590737
597112
615852
619993
632259
634751
655748
568167
568206
572176
581700
582249
591094
593387
604200
628866
646845
575998
592027
593491
615829
625615
628859
634768
636591
648662
654081
562948
568214
577420
594559
604092
613516
622653
623182
624003
642354
642359
563441
563985
563989
566072
568128
577398
588458
592460
593399
613548
615373
615841
621846
633347
634861
638448
646778
654820
564348
584522
589705
596414
597106
599607
615881
625085
649225
650300
650533
563444
563832
568164
576002
576895
577400
581431
581718
589679
591798
599589
599626
604088
614160
615821
621997
623120
623989
637400
638413
640012
648666
650144
652362
563250
564345
568187
576007
578535
589620
590875
591909
597191
599601
602313
608198
613546
628829
642360
656472
747176
740160
755541
780940
721035
701432
695694
722182
666260
787141
719872
790764
787760
778524
751414
661003
754880
766177
754987
658558
746664
732550
732560
745112
726752
744376
692882
673775
692967
781470
780930
762855
753839
746310
666254
747261
683610
797834
699060
723841
704566
703012
746424
757771
754931
724239
763239
664345
746317
740970
666242
708126
755669
723835
666247
746569
781200
755306
746468
751537
751579
772329
774844
759190
792818
680124
663327
709477
777181
747069
751883
755462
715999
658649
666325
751186
746323
787517
692853
775426
752929
745684
748463
746633
768928
752587
760986
782461
746685
764978
746803
732453
752314
752890
703326
777172
747193
681059
754430
664330
681434
697499
781221
666043
794139
770322
748473
787767
703216
746494
746358
746358
751562
754856
666297
661550
746992
752001
752624
755274
748925
787903
787903
740171
696209
766853
770369
723253
794508
746722
753865
755915
782454
736493
746670
681444
660973
770378
661567
746438
752655
666264
679261
745669
746622
748551
681526
722178
746602
781215
785725
746335
746677
681452
664335
760715
748975
748798
746577
748910
740921
697500
790394
681105
752757
692908
781463
822422
811037
801700
800548
813935
808681
952154
957470
827030
801142
813948
819300
928622
926177
963782
855128
909981
904175
834112
925254
914412
864358
854260
954935
800576
799661
924384
916156
887634
863998
884165
801144
831490
839559
813997
926192
864543
800868
938186
834555
904115
904115
904173
829879
864000
925278
822812
908489
952155
821888
822831
845356
908729
821958
925299
951160
863856
868199
965041
918550
905127
924527
800570
822722
952147
852116
957466
875033
865480
925282
800547
904117
904174
923576
996432
1050078
1050112
1202067
986167
1208852
963783
1057104
1053894
1091283
1210755
990673
1141824
1057105
1078751
981895
998043
1059326
970409
976921
1080847
1010247
1132791
1210753
1078754
1050107
1050110
988509
1177651
1013924
1061878
1061998
1057047
1053892
1053895
1078762
1057080
1178705
990658
990674
1186891
1022054
1050081
1006186
998087
998531
988456
1050114
1005209
1025008
979724
1050109
981894
1015902
1151950
1011399
999903
1050111
1005350
1210483
1210483
1055523
1062359
1050077
1202072
981898
1060667
1113063
1052882
1053893
1220681
981896
1100603
1192244
1060693
1016061
975307
973011
1005269
1005351
1058373
1056224
996394
976924
1078682
1050079
1050082
981897
1044914
1151963
1052890
1057052
1083251
1053903
1057081
998088
1154288
1074415
1349445
1407624
1349440
1501761
1501761
1407268
1527114
1349437
1479193
1394369
1349453
1441168
1493395
1493395
1349442
1317633
1284926
1379772
1276103
1276225
1285027
1449489
1513484
1327202
1349431
1258486
1285030
1349750
1349436
1349447
1285031
1410863
1393848
1249543
1285032
1317524
1349435
1309364
1349449
1349433
1349448
1311826
1333058
1306035
1306035
1544409
1349456
1349438
1373648
1487887
1317536
1482581
1408144
1287084
1285033
1293746
1464231
1349452
1349434
1375097
1276224
1341622
1641782
1641783
1913148
1711165
1675966
1675938
1711509
1664137
1804444
1711508
1623546
1709662
1849479
1779797
1581192
1685996
1576049
1702662
1760784
1664138
1890140
1623515
1723078
1621472
1593102
1673961
1862060
1667665
1686031
1711503
1576054
1717017
1736827
1711491
1729674
1917699
1680385
1819023
1613780
1719480
1711492
1644581
1621471
1908909
1576051
1711504
1851733
1711162
1711505
1581187
2143034
2045747
2166528
2059718
2334691
1985665
2278821
2156251
2104259
2192964
2348477
2193013
1982207
2171888
2193953
2192945
1977692
1985458
2193012
2051015
1969273
2264070
2192946
2192944
1981145
2076644
2115791
1980029
2286118
2237908
2361467
1997404
1977055
2038105
2115789
2099324
2004219
2142460
2280631
2018599
2254865
1946556
2358522
2299563
2135882
2339729
2069661
2020758
2009008
2316140
2144476
1980190
2331403
1985661
2005704
2355407
2163607
2375553
2235406
2119775
1980027
2688452
2510440
2777760
2536445
2536445
2536445
2421273
2502524
2480694
2517651
2624749
2791997
2877906
2518011
2726485
2885735
2398402
2526844
2534367
2480669
2467831
2634238
2764989
2575630
2564353
2564353
2877280
2765713
2835621
2578281
2492518
2618049
2782849
2518010
2885733
2534377
2765712
2839483
2507487
2492516
2430108
2750719
2750749
2757387
2639492
2804190
2765714
2779377
2763281
2490993
2461998
2492514
2624752
2526858
2618048
2883100
2502597
2782829
2835623
2465563
2497822
2392868
2750752
2935848
3248800
3321460
3213167
3099597
3134127
3487125
3161531
2941477
2918936
3533906
3231954
3050273
3161630
3026885
3026885
3533907
3362400
3236320
3030268
3030268
3533867
2943689
2903656
3272631
3104773
2922267
3267880
3267880
3369449
3042694
3070387
3037374
3037374
3267881
3267881
3474013
3369446
3373424
3035141
3388402
3113318
2918943
3008502
2897241
3026884
3026884
2982748
3112290
3085330
3225958
4370907
4112803
3982805
3662391
4265369
4138173
4251022
4251022
3883642
3735563
4226611
4251021
4251021
3677107
4317315
4146596
3834921
3569373
3701904
3599453
3727802
3769427
4008126
4018009
3981224
4151074
3671970
3671970
3606786
3870217
3671971
3679672
3840198
4138246
3709378
3767434
3981228
3983579
3677096
3788317
4331660
3556420
3752996
3788320
3568472
3736682
3767457
3556419
3986905
4749049
4749049
4749049
4377497
4630111
5260625
4385771
4791712
4791712
4791712
4764753
5221828
4562150
4385755
5286885
4407505
4869364
4516214
4407133
5331748
4407486
4901657
4945000
4955803
5054360
4397754
5078001
4648716
5105218
5105218
4823604
5101399
4824982
5061707
4702227
5039249
4540721
4960350
4385726
4955811
4955811
4955811
4777113
4777113
4432002
5260458
4702228
5018286
5155756
5112523
4764756
4825110
4957654
5290578
4600131
4613460
5098529
4569758
5338604
4944998
5013224
5004369
5253916
5267368
4800959
4961962
4777106
5200429
4727713
4800936
5267533
4858620
5138318
4652136
5204421
4379634
4454428
4838223
5098467
4974939
4974939
5243278
4665224
4585053
4905793
4585033
4672656
5201575
4688919
4617053
4617243
5314476
4924546
4449869
5250151
4475381
5339043
5306250
5253925
5130033
4994444
5895869
6141429
6141429
5795570
5801921
5864408
6177002
6210742
6210742
6210742
6210742
5350082
6142275
6210833
6210833
6210833
6210833
6202245
5896408
5896408
5896408
5996172
5578278
5708570
5596175
6017951
6017951
6017951
5967077
5996129
6142265
6199283
5894468
5894468
5894468
6156918
6156918
5633639
6210566
6210566
6210566
6210566
5991152
6002963
6191866
5896385
5896385
5896385
5896385
5719833
6210684
6210684
6210684
6210684
6210684
5722448
5843070
6177211
6142286
5865465
6141478
6141478
5820703
6176705
6176886
5932657
6202369
6156920
6156920
6011951
5875128
5864951
5864951
5864951
5735752
5852983
5343961
5343961
5343961
5343961
5343961
5343961
5343961
6141412
5844861
6099396
6202177
6202267
6156897
6156897
6202198
5864905
5929472
6177272
6202274
6156865
6156865
6156908
6156908
5409685
5895874
6202266
6157609
6167285
6156904
6156904
6202299
6202316
6202211
6036268
6131484
5454661
6142282
6121543
5548180
5761391
6142284
6142284
5546861
5942448
5795380
5427646
5849574
5695364
5996335
6174085
5996448
5759530
5945827
6212466
5375940
6202277
6141438
5846890
5369613
5575976
5385120
5986531
5341618
5821686
6202254
5829462
5375932
6202342
6033546
5678236
5380486
6141493
6141493
5665960
6176965
5725459
6020208
5967046
5633709
5938993
6206358
5781779
6150810
6039495
5999435
5935385
5811804
5470012
6202252
