6730886
6734192
6315557
6747770
6739134
6748046
6275184
6233845
6233845
6540530
6540530
6247187
6247187
6751925
6751756
6751766
6721379
6720782
6732140
6275663
6725627
6740437
6740446
6740455
6724298
6724517
6740076
6378780
6378780
6285933
6285971
6747801
6737132
6257136
6257136
6286041
6732671
6733812
6734124
6725763
6739183
6286944
6559362
6559362
6748112
6749551
6728842
6736742
6730609
6748236
6728913
6576687
6567317
6567317
6736810
6730693
6720378
6286404
6286262
6728250
6730638
6737450
6728880
6737435
6728970
6737679
6724139
6724313
6275548
6460137
6654587
6654587
6323445
6744694
6743904
6739210
6683959
6685089
6491607
6744780
6744780
6739580
6744015
6745299
6726362
6740317
6740752
6741240
6331755
6331760
6497135
6497135
6669665
6634993
6371540
6752049
6751901
6752384
6498449
6498449
6571801
6670624
6730891
6732023
6742156
6286696
6748682
6723035
6716958
6722204
6460158
6734621
6728950
6728956
6745413
6740886
6739590
6740933
6741966
6741186
6731391
6293034
6735794
6285946
6742090
6740804
6323429
6753216
6753218
6735027
6735576
6728234
6728497
6735415
6730152
6736792
6723013
6723789
6435789
6638620
6575670
6575680
6575685
6747712
6738198
6737255
6733526
6733621
6731299
6747203
6728244
6749856
6736778
6736780
6737866
6722161
6736665
6685023
6724312
6315868
6752251
6752720
6742347
6739951
6742350
6742558
6685088
6724796
6567310
6567310
6460781
6460781
6460781
6726277
6742863
6742877
6739389
6740297
6725920
6744036
6726372
6742312
6677037
6341238
6498277
6727613
6247063
6247063
6247063
6247160
6733194
6744922
6740413
6286665
6737720
6395062
6395062
6395062
6720365
6716960
6721891
6722294
6722317
6309206
6748347
6748956
6728762
6730457
6726257
6739384
6740285
6731384
6731387
6749039
6735789
6736724
6595799
6617685
6617685
6732672
6734219
6740579
6741275
6725104
6725972
6739189
6740369
6741038
6754240
6748520
6736736
6728457
6730333
6747678
6728501
6721335
6716777
6723871
6309203
6275764
6575681
6748834
6732042
6733993
6663360
6737443
6730350
6574813
6574824
6736433
6597657
6315886
6739201
6742348
6725134
6726062
6742872
6739576
6741166
6726085
6739388
6724063
6725316
6725931
6740991
6323469
6584653
6613947
6721570
6721789
6723023
6727537
6271188
6751732
6247152
6752055
6734304
6551502
6551502
6744920
6726017
6742371
6726216
6736674
6323298
6574911
6574911
6734563
6728755
6742402
6725893
6741218
6753214
6286806
6736704
6737134
6728838
6752840
6286283
6733846
6744654
6725963
6726148
6740367
6741042
6753217
6286467
6286324
6735028
6735587
6730334
6723799
6574800
6574800
6748835
6748854
6736822
6737253
6751863
6275189
6275189
6737177
6728462
6286856
6736419
6724161
6724252
6724174
6434492
6286170
6286101
6751820
6744898
6744479
6745166
6742354
6724789
6739387
6727021
6742053
6741260
6641177
6638628
6575668
6752177
6745381
6745193
6744729
6740862
6736671
6727467
6544056
6734337
6748860
6745059
6747806
6749023
6733933
6725958
6574893
6737382
6737174
6730620
6748555
6728702
6575682
6574799
6730704
6733380
6733795
6733891
6736777
6720406
6574818
6574818
6736425
6746621
6285894
6725585
6725991
6741146
6739572
6740313
6741238
6745322
6744841
6635007
6751686
6751988
6720816
6749017
6275850
6728765
6745426
6730285
6736492
6745835
6748726
6545873
6545873
6571985
6748273
6728785
6285911
6724735
6742859
6740967
6744833
6725711
6742311
6491610
6745374
6726215
6285758
6721685
6722678
6742582
6740457
6739382
6315895
6574798
6574798
6733773
6733884
6574819
6498283
6744028
6275110
6352879
6736686
6275633
6739381
6740843
6685077
6744551
25263
26162
25695
13563
25249
25701
25961
12128
13849
37770
40786
54916
42634
30329
33661
39772
42239
44910
35619
72444
77924
129179
129179
134270
106898
111647
125204
63035
79160
80677
63160
77511
106932
118749
121988
134774
63502
71158
88119
110997
77370
87741
115331
154658
157909
167876
167946
172893
174083
179839
189395
198350
144505
179902
196058
199408
199387
166443
171285
203233
192075
199208
159431
179847
189119
191411
199398
167868
172852
145354
165549
167871
203236
154585
155863
222155
227612
231050
217126
219218
242284
247853
204661
243896
204671
215496
222185
236182
256422
221341
221345
222150
228110
235886
247878
208141
257867
298261
351217
331689
373889
378890
449819
740160
763900
787955
787903
740171
843007
843007
800883
1101797
1422415
1422415
1365017
1309865
1888850
1888850
2392146
2097844
2097844
2162357
2230846
2230846
2348478
2348478
2149068
2149068
2210613
2116899
2210610
2027271
2150825
2150825
2348477
2100509
2251798
1982207
2111241
2210600
2348522
2338449
2076644
2076644
2025987
2025987
2009029
2210597
2162376
2162376
2261241
2261241
2292800
2292800
2369793
2210596
2452703
2452703
2612780
2612780
2536445
2842518
2842518
2675981
2675981
2406071
2406071
2873438
2873439
2578247
2578247
2433975
2433975
2702764
2702764
2578281
2578281
2648318
2622560
2704036
2888498
2645572
2645572
2844629
2888497
2578282
2578282
2831298
2844637
2617539
2935848
3487103
3016526
3016526
3108566
3108566
3487123
3405834
3405834
3405834
3096961
3023802
3031016
3022695
3378227
3378227
3134127
3134127
3134124
3134124
3134124
3030982
3030982
3031014
3031014
3030984
3030978
3030978
3030978
3487125
3487125
3390404
3167435
3208898
3208898
3533906
3095897
3523594
3428755
3269181
3530632
2994416
3037378
3032437
3032437
3040117
3530618
3530645
3096959
3199749
3199749
2973798
2987556
2987556
3533907
3523590
3523590
3523596
3523596
3520860
3520860
3349460
3349460
3533867
3523141
3030996
3070387
3530889
3530889
2933302
2933302
3031020
3031018
3031018
3031001
3378228
3378228
3533089
3426612
3426612
3896045
3896045
3738245
3738245
3688160
3801673
3642248
3642248
3642248
4370907
3940175
3940175
3940153
3827677
3827677
3827707
3827707
3827707
4020375
3883642
3883642
3676747
3676747
3940172
3940172
3993362
3827676
3827676
3827676
4012140
3611913
4037715
3883653
3679657
3679657
3761522
3761522
3761522
3779390
3940177
3883660
3883660
3874163
3636464
3636464
3636464
3827678
3827678
3827678
3940154
3671970
3671971
4250989
3940178
3693305
4012158
4012158
3642247
3642247
3779381
3801674
5186386
5108565
5108565
4925516
4899729
4899729
4826814
5067426
5067426
4838097
4385771
4385771
4385771
4791712
5048951
4385755
5286885
5286885
5286885
4838114
4838123
5270622
5270622
5270622
5270622
5088633
4407133
4826812
5331748
5331748
5331748
5243119
4945000
4955803
5285719
5285719
5054360
5054360
4385729
4385729
4385729
4385750
4385750
4385750
4627437
5003106
5108543
5108543
5108543
5108543
5108543
4859987
5078001
5078001
4385745
4385745
4385745
4385745
4648716
5031346
5105218
5105218
4899709
5285827
5061707
5061707
4702227
4922479
4385726
4385726
4385726
4702206
4702206
4955811
4849890
4645849
4702228
4741849
5155756
5286834
4385769
4385769
4385769
4899730
4899730
4957654
4957654
4702205
5098529
5338604
4944998
4777106
5230911
4553419
5222818
4902572
5138318
5138318
4407111
5286954
5286954
5286954
5098467
4974939
4974939
4407131
4407131
4739846
5243278
5243278
5031340
4665224
5303162
4794812
4672656
4720409
4688919
5092043
4739847
5339043
6177062
6177062
5756994
6141429
6145451
6145451
6145512
6145512
5691027
5691027
5644586
5527197
6177002
6177002
5350082
5350179
5488699
5597717
5597717
5597717
5597737
6142275
6142275
6037732
6202245
5922918
5922918
5922918
5896408
6106201
6106201
6106201
5708570
5708570
5350963
6076856
5596175
6011867
5670826
5967077
6146400
6146400
5880065
5936530
6176674
6176674
6142978
6142265
6153182
5940718
5940718
5644581
5644581
6199283
6199283
6199283
6023404
6023404
6023404
6153188
5659740
5894468
5894468
5894468
5935521
5935521
5935521
5904549
5884313
5991152
5595588
5595588
6191866
6191866
6191866
6191866
6191866
6191882
5896385
5747738
5747738
5719833
5719833
5719833
6145514
6145514
6145514
5531532
5531532
5531532
5531532
5690994
5956972
5956972
6180550
6177211
6177211
5708519
5708519
6142286
5788476
5620649
5620649
6176804
6176804
6064624
6064624
6064624
6141478
6135580
6135580
6135580
6148888
6148888
5820703
6176705
6176705
6176730
6176730
6176886
6176886
6146425
6176855
6176855
6076900
6176798
6176798
6202369
6202369
6153200
6011951
6011951
5864951
6037704
6037704
6153112
5343961
5343961
5343961
5343961
5343961
5343961
5343961
5488680
6141412
5844861
5844861
5844861
6202177
6202267
5607727
5672723
5672723
6202198
5994929
6153064
6153076
6153076
5793065
6143087
6177272
6177272
6139636
5697584
6176870
6176870
6011928
6011928
6139164
6139164
6202274
6196606
6144474
5620587
5620587
5620587
6176830
6176830
5803927
5803927
6153092
6202266
6167285
6167285
6167285
6157808
6202299
6202316
6202211
6143032
6143032
5543857
6011805
6142282
5548180
5697586
6142284
6011770
6153118
6167248
6167248
6011872
6011849
6011849
5834667
5695364
5695364
5759530
5759530
5759530
6176648
6176648
5901883
5901883
6106949
6106949
6141438
6141438
5962723
5962723
5525702
5846890
5896122
5943354
6051104
6011835
6202254
6202254
6202342
6141493
6176965
6176965
5967046
6153187
5912356
5697379
5725674
5725674
6202252
