6696847
6696847
6755908
6725763
6740367
6741275
6286404
6293034
6559362
6735576
6450614
6275148
6275190
6728970
6728785
6663360
6755614
6725931
6286324
6742350
6742558
6747203
6737435
6749856
6737443
6737450
6737866
6733933
6722802
6275110
6673055
6375733
6375733
6739134
6737132
6752251
6237746
6724559
6742582
6275115
6275192
6727613
6741186
6747678
6728913
6751732
6286283
6728755
6728956
6733891
6307391
6753214
6738198
6237766
6653082
6741146
6741166
6739388
6740967
6740028
6725711
6725920
6673183
6673183
6669669
6275850
6723645
6721891
6726148
6745835
6286262
6728234
6728457
6722678
6748653
6315557
6731299
6744028
6727132
6275663
6754944
6286467
6568622
6744479
6742354
6551502
6736780
6732672
6747770
6737720
6431599
6431836
6604571
6755845
6749023
6748708
6748718
6737134
6726216
6724559
6286101
6740886
6727537
6756107
6739590
6656581
6728501
6247187
6323298
6309206
6510739
6728765
6733526
6733993
6307391
6730886
6748854
6736822
6638628
6249059
6720365
6572184
6752384
6731391
6696606
6726085
6740027
6744833
6745299
6755326
6669669
6755225
6722294
6751756
6752192
6638620
6585692
6692524
6755484
6732140
6739183
6739189
6748520
6730620
6730609
6575668
6752840
6720782
6724161
6736419
6285758
6286665
6726372
6271188
6271147
6755800
6742348
6725991
6742557
6724789
6724796
6529986
6732669
6722821
6352879
6328595
6748046
6736686
6567317
6629697
6629697
6629699
6345562
6749039
6742156
6257136
6439143
6669446
6740437
6740446
6323429
6745059
6740933
6739382
6735415
6595799
6315895
6748860
6730457
6752055
6733380
6733773
6323469
6581427
6275181
6749495
6345581
6641177
6742863
6742872
6740297
6740317
6756099
6723789
6723799
6723023
6721379
6585692
6247063
6247160
6395062
6734337
6725958
6735028
6737174
6722317
6275764
6724252
6736425
6746621
6736433
6507138
6744841
6740991
6604478
6275933
6755101
6744898
6725585
6724735
6728244
6730638
6736778
6730350
6732671
6734124
6328595
6736674
6748682
6431599
6629699
6744920
6745381
6286170
6751660
6745413
6726257
6755675
6739384
6748236
6730152
6285933
6575680
6575682
6576687
6600878
6716777
6264633
6720816
6285946
6748347
6748956
6581427
6754240
6475461
6748834
6747712
6237766
6733194
6724298
6696606
6744015
6741240
6755117
6723013
6323445
6755425
6755922
6755923
6721685
6247152
6692524
6275592
6734621
6740579
6742090
6725972
6741038
6749551
6737679
6752321
6571985
6752049
6507138
6745322
6755470
6286944
6745166
6740843
6751925
6529986
6737177
6728462
6736777
6728880
6733846
6613947
6755600
6285894
6736704
6744922
6740413
6742371
6726215
6723898
6237746
6721335
6439143
6669446
6742402
6740457
6740076
6726972
6741218
6656565
6656581
6748555
6736792
6352623
6728950
6581357
6730704
6345617
6571974
6751901
6663009
6726277
6742859
6740028
6726362
6756098
6752177
6654587
6544056
6341238
6754682
6744654
6725963
6726154
6735027
6748112
6735587
6737382
6533443
6533443
6275196
6275198
6736665
6736661
6286696
6755607
6744036
6725316
6742311
6754945
6756104
6756106
6739201
6751703
6597657
6722161
6755203
6543642
6728250
6733812
6574911
6720378
6736671
6275548
6345578
6747801
6747806
6730285
6728838
6745193
6751802
6434492
6275189
6740285
6352623
6460781
6567310
6510739
6732042
6275175
6275184
6475461
6749498
6737253
6348668
6751988
6545873
6571801
6721789
6751766
6740369
6574893
6748726
6450614
6584889
6264680
6724313
6748662
6742053
6529634
6725134
6739951
6683959
6751928
6597657
6543642
6723035
6275681
6684606
6673055
6749017
6753217
6753218
6754657
6755593
6315868
6315886
6345562
6736492
6745374
6752720
6725627
6740455
6741966
6725893
6739381
6728497
6286806
6575670
6575685
6600878
6728762
6733884
6275180
6734304
6736810
6751820
6348668
6732023
6653082
6572184
6731384
6731387
6663009
6726062
6739572
6739389
6740027
6727021
6740752
6723871
6723879
6755653
6497135
6756014
6740804
6728842
6736736
6730333
6722204
6724139
6724164
6724174
6724312
6286856
6575019
6742312
6741260
6529634
6568622
6540530
6742347
6743904
6739210
6751940
6720406
6378780
6734219
6275681
6309203
6604571
6753216
6345578
6735789
6735794
6751686
6285911
6745426
6584653
6755674
6755963
6728702
6285971
6575681
6286041
6733621
6733795
6581357
6732708
6730891
6734192
6748835
6748273
6737255
6751863
6345617
6233845
6345581
6249059
6724517
6744551
6744780
6739580
6742877
6739387
6740313
6741238
6617685
6677037
6755429
6755637
6721570
6696847
6696847
6721891
6722802
6723645
6724559
6725711
6725763
6725920
6725931
6727613
6728755
6728785
6728913
6728956
6728970
6730334
6733891
6733933
6735576
6737132
6737435
6737443
6737450
6737866
6738198
6739134
6739388
6740028
6740367
6740967
6741146
6741166
6741186
6741275
6742350
6742558
6742582
6749856
6751732
6752251
6753214
6755614
6755908
6696606
6720365
6722294
6722678
6724559
6726085
6726148
6726216
6727132
6727537
6728234
6728457
6728501
6728765
6730886
6731299
6731391
6732672
6733526
6733993
6736780
6736822
6737134
6737720
6739590
6740027
6740886
6742354
6744028
6744479
6744833
6745299
6745835
6747770
6748653
6748708
6748718
6748854
6749023
6751756
6752192
6752384
6754944
6755225
6755326
6755845
6756107
6692524
6720782
6721379
6722821
6723023
6723789
6723799
6724161
6724789
6724796
6725991
6726372
6730457
6730609
6730620
6732140
6732669
6733380
6733773
6735415
6736419
6736686
6739183
6739189
6739382
6740297
6740317
6740437
6740446
6740933
6742156
6742348
6742557
6742863
6742872
6745059
6748046
6748520
6748860
6749039
6749495
6752055
6752840
6755484
6755800
6756099
6696606
6716777
6720816
6721685
6722317
6723013
6724252
6724298
6724735
6725585
6725958
6726257
6728244
6730152
6730350
6730638
6732671
6733194
6734124
6734337
6735028
6736425
6736433
6736674
6736778
6737174
6739384
6740991
6741240
6744015
6744841
6744898
6744920
6745381
6745413
6746621
6747712
6748236
6748347
6748682
6748834
6748956
6751660
6754240
6755101
6755117
6755425
6755675
6755922
6755923
6692524
6721335
6723898
6725972
6726215
6726277
6726362
6726972
6728462
6728880
6728950
6730704
6733846
6734621
6736704
6736777
6736792
6737177
6737679
6740028
6740076
6740413
6740457
6740579
6740843
6741038
6741218
6742090
6742371
6742402
6742859
6744922
6745166
6745322
6748555
6749551
6751901
6751925
6752049
6752177
6752321
6755470
6755600
6756098
6720378
6721789
6722161
6725316
6725963
6726154
6728250
6728838
6730285
6732042
6733812
6735027
6735587
6736661
6736665
6736671
6737253
6737382
6739201
6740285
6742311
6744036
6744654
6745193
6747801
6747806
6748112
6749498
6751703
6751766
6751802
6751988
6754682
6754945
6755203
6755607
6756104
6756106
6683959
6684606
6723035
6723871
6723879
6724313
6725134
6725627
6725893
6726062
6727021
6728497
6728762
6731384
6731387
6732023
6733884
6734304
6736492
6736810
6739381
6739389
6739572
6739951
6740027
6740369
6740455
6740752
6741966
6742053
6745374
6748662
6748726
6749017
6751820
6751928
6752720
6753217
6753218
6754657
6755593
6755653
6720406
6721570
6722204
6724139
6724164
6724174
6724312
6724517
6728702
6728842
6730333
6730891
6732708
6733621
6733795
6734192
6734219
6735789
6735794
6736736
6737255
6739210
6739387
6739580
6740313
6740804
6741238
6741260
6742312
6742347
6742877
6743904
6744551
6744780
6745426
6748273
6748835
6751686
6751863
6751940
6753216
6755429
6755637
6755674
6755963
6756014
6737132
6741186
6733891
6725763
6740367
6741275
6742582
6723645
6721891
6738198
6728970
6728785
6753214
6751732
6742350
6742558
6755908
6724559
6728755
6728956
6755614
6747678
6728913
6739134
6741146
6741166
6747203
6737435
6749856
6737443
6737450
6737866
6752251
6739388
6740967
6740028
6725711
6725920
6733933
6696847
6696847
6725931
6735576
6722802
6727613
6749023
6748708
6748718
6737134
6730886
6739590
6733526
6733993
6726148
6745835
6740886
6722294
6748854
6736822
6748653
6754944
6722678
6744479
6742354
6756107
6731299
6724559
6751756
6752192
6728765
6731391
6755225
6755845
6728501
6747770
6737720
6752384
6755326
6736780
6726085
6740027
6744833
6745299
6656581
6732672
6726216
6696606
6744028
6727132
6728234
6728457
6720365
6727537
6749039
6595799
6755484
6745059
6740933
6739382
6733380
6733773
6739183
6739189
6740437
6740446
6724789
6724796
6721379
6749495
6736419
6755800
6720782
6742348
6725991
6742557
6752840
6641177
6723789
6723799
6724161
6748860
6730457
6735415
6723023
6748046
6736686
6742863
6742872
6756099
6740297
6740317
6732669
6742156
6732140
6692524
6726372
6748520
6730609
6730620
6722821
6752055
6733194
6739384
6725958
6745413
6726257
6724735
6734337
6721685
6716777
6748834
6747712
6736425
6746621
6736433
6720816
6722317
6744898
6725585
6751660
6723013
6724252
6748347
6748956
6755425
6755922
6755923
6754240
6748236
6730152
6736674
6748682
6755101
6755117
6728244
6730638
6736778
6730350
6755675
6744015
6741240
6732671
6734124
6744920
6745381
6724298
6696606
6744841
6740991
6735028
6737174
6736704
6740076
6726972
6741218
6740579
6742090
6725972
6741038
6742402
6740457
6752177
6730704
6752321
6737679
6745166
6740843
6721335
6728950
6755600
6755470
6748555
6736792
6751925
6751901
6726277
6742859
6756098
6737177
6728462
6736777
6728880
6752049
6740028
6726362
6656581
6733846
6744922
6740413
6742371
6726215
6734621
6692524
6745322
6749551
6723898
6747801
6747806
6730285
6728838
6740285
6732042
6744654
6725963
6726154
6755203
6749498
6737253
6722161
6736661
6736665
6754945
6756104
6756106
6739201
6754682
6751766
6755607
6721789
6751703
6751988
6720378
6736671
6728250
6751802
6733812
6745193
6744036
6725316
6742311
6735027
6748112
6735587
6737382
6736492
6732023
6734304
6741966
6725893
6739381
6733884
6740369
6725627
6740455
6683959
6736810
6748662
6725134
6739951
6751820
6752720
6723871
6723879
6724313
6728762
6731384
6731387
6755653
6753217
6753218
6754657
6755593
6728497
6751928
6749017
6726062
6739572
6739389
6740027
6727021
6740752
6745374
6742053
6748726
6723035
6684606
6735789
6735794
6720406
6732708
6730891
6734192
6756014
6733621
6733795
6740804
6745426
6748835
6748273
6737255
6722204
6742347
6743904
6739210
6751686
6724139
6724164
6724174
6724312
6751863
6755429
6755637
6753216
6728702
6721570
6751940
6744551
6744780
6739580
6742877
6755674
6755963
6739387
6740313
6741238
6734219
6724517
6741260
6742312
6728842
6736736
6730333
908489
1256910
1256910
1204486
1128146
1057049
1057048
1057047
1056868
1033390
1031744
1029315
1022054
1022054
1007210
1003964
996448
988442
1317524
1422415
1491059
1449489
1465119
1465082
854257
1385954
1464231
1385954
1426833
1366587
1415013
1621479
1783848
1810767
1654130
1674411
1735706
1744922
1804422
1887733
1891772
1913118
1913143
1913146
1666121
1760823
1612116
1729696
1735704
1779797
1862060
1589604
1680385
1709664
1730036
1647203
1732898
1781758
1783850
1819023
1888850
1917275
1917275
1732898
1840851
2292800
2051015
2210612
2251798
2116899
2210600
2097862
2144476
2045747
2210599
2163717
2026943
2231123
2112878
2210616
2210614
2369793
2339729
2025987
2121010
2097864
2348478
2297493
2348477
2230846
1977692
2144476
2338306
2210613
1415009
2210610
2328800
2210596
2263427
1976521
2297509
2232333
2392146
2348522
1976502
2111241
2100509
2156251
2150825
2115791
2097846
1999354
2210597
1976175
2201986
2231135
2051015
2201986
2362881
2042626
2193953
2115791
2097844
2162357
2162376
2076644
2328812
2218186
2004304
2261241
2218914
2149068
2097863
2104259
2130419
2362881
2156251
2883100
2502524
2751821
2786161
2679148
2722353
2444288
2502524
2622601
2505398
2564353
2844629
2645789
2480669
2578282
2425206
2505402
2612781
2888497
2765713
2831298
2702764
2702778
2674744
2834717
2645572
2645541
2406071
2433975
2502597
2578247
2645637
2751821
2571159
2645542
2844637
2697674
2480694
2722353
2502597
2834717
2800314
2571159
2660813
2765711
2648318
2337179
2612780
2578281
2595728
2675981
2452703
2622601
2839483
2842518
2534584
2702777
2765714
2969220
3023802
3516781
3011109
3378227
3031001
3031007
3181455
3133486
2903656
3269181
3030996
3010202
3031018
3289293
3096959
3208898
3533906
2979718
2933301
3378228
3349460
3527262
3269181
3052203
2971831
3031016
2973798
3519392
3236199
3181456
3026884
3533867
2903656
3487125
2922267
3030985
3031020
3032437
3016526
3523594
3022695
3402995
3030268
2933318
3020593
3362401
3134124
2935848
3428790
3077301
3299630
2987556
3035141
3523141
2933317
3165348
3165347
3037378
3096961
3362401
3030271
3139659
3199749
3487103
3026885
3030982
3031014
3030269
3533889
3291691
3289312
3428792
3134127
3001322
3299629
3533907
3523590
3520860
3037374
2930345
3037376
3142943
2933302
3523589
2967799
3523578
2922267
3253784
2971852
3428746
3108566
3030984
3530889
3199735
3040132
3523577
3514500
3010210
3523596
3040117
3487123
3402996
3761522
4207226
3611928
3913157
3949800
3883660
3556420
4296418
3983579
3883653
3642247
4004760
4294628
3677096
4046805
4031334
3896044
3946330
4336604
4231740
4027347
4308096
3940176
3722195
3983559
4253113
3671971
3962610
3738245
4081199
4012916
3993362
4020375
4222456
4336586
4337990
4008126
3940180
3592438
3671970
3940178
3913222
3642249
4012158
3946563
3940156
3940154
3827677
3940177
4027599
4294643
4296418
4300460
3874163
4337714
3679657
3946320
3946569
3876028
3940179
4154917
3693307
4127848
4031334
3940155
3662391
4231760
3676747
3677107
3688160
4337989
3913154
3896045
4370907
4146596
4151074
3986905
4308098
4251022
3986905
4290017
4250989
3887949
3696988
4027616
3861261
3693305
3736682
4251021
3913234
4231760
3769427
3603237
4296470
4055894
4337876
3611913
4331660
4302699
3940152
3586984
3631897
3883642
4331660
3636464
4337735
3940153
3736682
4337877
4146596
3940172
4251833
3940175
4109498
3769427
3946246
4180236
3636460
4066430
4046827
4290012
3622036
4728348
4385749
4994548
4946896
5003482
4702227
4945000
4957654
4730396
4823745
4801028
4801006
4902587
5031340
5286885
5003110
5098652
4433874
4955803
4600131
4914776
4553419
4634907
5039249
5098637
5049277
5161651
5003101
5003116
4826812
4379634
5250404
4734166
5270622
4679809
5140646
5078001
5112523
5029322
5031179
4963017
4728348
4742777
4623212
4794812
4449869
4623194
4867702
4619433
5243324
5260458
5003108
5003117
4873928
4553413
4645849
4791713
4638144
4810541
4925516
5010243
5049277
5049277
5092043
5161651
5329829
5105218
5222818
4838223
5249809
4567314
4401811
5061707
4627437
4902571
4849902
4838097
5054360
5010244
5019072
5138318
4454428
4490270
4946936
4680690
4401829
4749061
4974939
4823604
4838114
4944998
5230779
4995477
5243119
5186386
5251439
4995473
5263975
5219873
5311248
4826814
4810544
4804196
5010233
5338604
5003104
5112523
5067426
5286834
5267327
5003106
5230807
4899729
4922479
4922455
4490286
4908366
4824982
4739847
4800959
4777106
4516214
4558685
4432002
4849887
4800936
5276670
4946935
4665224
4873944
5140583
4770908
4648168
5031346
5108543
5061124
5003484
5243278
4672656
4516214
4963006
4454428
4914922
4852669
4630111
5310112
4838123
4739846
4873943
4946937
5003118
4866162
4741849
4490260
4852652
4914806
4749049
4407133
4558700
4808054
4407111
4899730
5331748
5286954
4490261
5155756
5048951
5230911
4824982
4858620
5285827
5013224
4838095
4648151
4791712
4702228
4946895
4849890
4746574
5031376
5339043
4407131
5010227
5263975
5098467
4648716
5219896
4922480
4873927
4679811
5285719
5003102
4867688
4866163
4810539
4810538
4951428
4955811
4720409
5108565
5019295
4901347
4385762
4702205
4859987
4770907
4685560
5061176
4777113
4899709
5003100
5003103
4994544
4688919
4912011
5488699
5375940
5527197
5788476
5894468
5901883
6017089
6017081
6016438
5818741
5725674
5719833
5692743
5881923
6202267
6016650
6036268
5445101
5996214
6036271
5895874
5896385
5427646
5865261
6033546
6210742
5986531
6056920
6076856
6131484
5839896
5893333
6016650
6017089
5740676
6036268
5795619
5900511
6036271
5672723
5935521
5697586
5620587
6202342
5527181
5962723
5427646
5852968
6142284
6135580
5940718
6053529
5488571
5644586
5695364
5996214
5620649
5978073
6191882
6202252
5427646
5865261
6142282
6142286
5900555
5969706
5525702
5696116
5440576
5440576
5350179
5708570
5691027
6147526
5531532
6142275
6076900
6202316
6139164
6131484
5722448
5818741
5967046
6106949
5607727
6154420
6210684
6202211
6202299
5864951
5778186
5597717
6131485
5793065
6202245
5820703
6106070
5543857
6157602
6199283
5409539
6141478
5912356
6085057
6131514
6202266
5932200
5791846
6106201
6037704
6017081
6180852
5790043
6145451
6157602
5697072
6145512
5697584
6064624
5967077
5865070
6141412
6053529
5596175
5659740
5943354
5821949
5935372
6180550
5409539
6141438
5844861
5489249
5969706
6202198
5956972
5932241
6142265
6102204
5445207
5670826
6127143
5488643
5986531
6202177
5803927
5839896
6106070
6023404
5690994
5932657
6144474
5692966
5922918
6127143
6017951
6141429
5595588
6078572
5525702
5778186
6056920
5761253
6131485
6037732
6180852
5350963
6145514
6202254
6202369
5488680
5678236
6131514
6139636
5662236
6102204
5445207
5932657
5756994
5759530
6210566
5936530
6191866
6202274
5900555
5343961
5350082
5949107
5756851
5427646
5943414
5865070
5896122
5904549
5747738
5790043
5900511
5949107
6147526
5896408
5597737
5881923
6141493
6016438
5795570
5935372
5991152
6210833
5852968
