6673055
6584889
6568622
6584889
6584889
6673055
6568622
27407
422756
384995
500177
499019
499017
481935
481929
481683
475651
473079
470223
468722
468571
561941
561933
559184
559184
559184
559184
559184
559184
557531
556010
553760
553574
551019
550841
548738
548738
545570
543736
543736
527706
527702
526049
526049
525375
518097
512539
508570
506886
657056
647765
645262
642520
642500
638446
636913
634768
634751
633518
633370
631843
631840
628750
623702
621015
620287
618026
615362
604092
604088
604077
602509
602502
600437
592143
592143
589095
589007
586999
574574
574569
566862
566106
565998
562257
793095
787955
787903
766853
757771
757771
752890
752890
752655
752378
752001
751883
751562
751537
748463
746494
746494
746310
745669
743909
740862
740171
740160
715580
706664
699060
691223
691223
681452
679809
965041
954935
954935
914429
914429
914412
908489
904132
885135
836883
831551
827167
823270
812215
800940
800636
1210754
1192190
1192190
1100603
1100603
1074415
1035826
1035826
1031625
1031625
1006186
1006186
1003957
1003957
990658
1249543
1276284
1349451
1341622
1349439
1523468
1441168
1487887
1349750
1664438
1576054
1576051
1576054
1766950
1766950
1664438
2009008
1982211
2059315
1977779
1982211
2465563
3404588
3269181
3533089
2994431
3269181
2994431
3530618
3404588
3895999
5084583
5454661
6017089
5454661
5454661
6131485
6157602
5790043
6157602
6131485
5790043
5454661
