6696847
6696847
6656565
6584889
6656887
6275633
6584889
6345562
6581427
6498189
6581427
6581357
6345617
6663009
6345578
6275633
6498189
6584889
6345562
6663009
6410124
6345578
6656565
6581357
6345617
6696847
6696847
6696847
6696847
140017
140010
140004
139010
138758
138750
137947
137946
137940
137881
136292
135820
135727
135179
135028
134863
134863
134182
134171
133346
132762
129371
129370
129196
129189
129179
129145
129136
129116
129110
129106
129103
128908
126615
126591
126570
126060
125928
125880
125460
125454
125204
125197
124602
124546
124541
124533
123988
123890
123886
123885
123879
123297
123285
121988
121355
121351
120702
120080
119132
117679
117650
117629
117614
117479
117468
117457
117450
117447
116915
116901
116870
116839
116627
116209
116203
116197
116190
116157
116152
116050
115542
115534
113701
113073
112963
112956
112948
112911
112727
112699
111744
111023
110916
110714
110714
110596
110405
110244
110235
108548
108107
108098
108073
107354
107188
106422
106379
105977
105951
105947
105527
105519
105346
104968
104737
103801
102986
102779
102562
102543
102507
102340
101840
101547
100358
99213
99170
98944
98831
97525
97518
97493
95204
93632
93626
93172
93133
92098
90285
89093
89004
88205
87753
87741
87508
87239
86000
85863
85134
85065
85060
84785
83512
83409
83336
81701
80759
80742
80734
80600
80575
80489
80474
80460
80446
80433
80428
80060
79533
79463
78883
78864
78857
78599
78545
78544
78531
78519
78361
78356
78289
77370
77257
76411
76344
76295
76270
76250
76102
76052
75970
75962
74870
74869
74838
74827
74738
74734
74723
73260
73240
73087
72964
71804
71158
71085
71082
71065
70059
68600
68306
68293
68289
68275
68268
68262
68257
68256
68249
68244
67640
67639
67630
67484
67403
67309
67101
67097
67092
67080
67069
66784
66778
66770
66761
66749
66742
66730
66718
66671
66661
66652
66534
66368
66136
66133
66072
66009
66006
65821
65782
65630
65188
65122
63580
63030
62812
62772
62768
62657
62309
62298
62297
61246
60883
60881
60875
60873
60872
60861
60764
60727
59796
59496
59496
59480
59468
58606
58605
58604
58179
58159
57983
57674
57253
57231
56987
56272
56262
54983
54959
54916
54223
54218
54200
54189
54023
53695
53147
52017
51589
51582
51377
51106
50224
49927
49917
49308
47935
46245
46113
45681
45652
44958
44875
43858
42634
42400
42288
42087
42008
41386
41056
40902
40828
39772
39632
39504
39397
39322
38903
38629
38153
38149
38146
38081
38076
36694
36688
36632
36624
36441
36126
36119
35619
35434
35420
35162
35126
35121
35112
35008
34879
34843
34836
34630
34428
34380
34031
34010
34009
33910
33857
33853
33844
33843
33729
33714
33672
33662
33661
33409
33370
33285
33273
33157
32950
32945
32936
32928
32847
32689
32320
32319
32242
32187
32141
32110
32051
32050
32049
32032
31988
31928
31721
31718
31660
31625
31593
31592
31441
31258
31257
31102
31081
31066
31040
31034
31030
31029
31028
31012
31009
30920
30888
30886
30829
30828
30772
30747
30746
30731
30694
30693
30625
30511
30306
30281
30237
29924
29756
29741
29734
29671
29588
29527
29497
29413
29258
29208
29183
28923
28894
28872
28871
28767
28646
28633
28632
28562
28530
28526
28511
28233
28226
28145
28142
28092
28079
28063
28033
27953
27949
27935
27889
27885
27856
27565
27433
27418
27321
27320
27297
27246
27090
26775
26767
26705
26704
26696
26691
26682
26677
26676
26631
26580
26462
26433
26415
26414
26369
26284
26240
26137
26131
26128
26095
26074
26073
26072
26071
26070
26069
26068
26067
26043
26026
26014
26001
25993
25983
25954
25952
25949
25945
25944
25941
25937
25934
25809
25803
25795
25774
25739
25719
25717
25713
25701
25699
25698
25697
25696
25529
25505
25478
25389
25275
25269
25264
25262
25249
25165
25150
25127
25126
25120
25117
25116
25094
25009
25008
24981
24888
24851
24678
24588
24528
24515
24343
24253
24027
23990
23915
23872
23379
23027
22727
22605
22437
22392
22355
21929
21926
21819
21738
21735
21691
21689
21619
21531
21516
21503
20926
20651
20647
20596
20297
20154
19896
19653
19382
19234
19161
19143
19142
18917
18900
18812
18695
18566
18540
18511
18510
18509
18501
18452
18436
18323
18221
17991
17935
17933
17838
17752
17743
17737
17735
17702
17680
17676
17673
17658
17635
17618
17604
17600
17588
17586
17576
17498
17495
17442
17421
17157
17156
17152
16968
16947
16946
16942
16693
16683
16543
16540
16539
16502
16387
16264
16263
16219
16212
16193
16155
16089
16086
16076
16075
16074
16066
16065
16064
15924
15841
15837
15830
15775
15758
15747
15660
15180
15101
14944
14722
14719
14705
14671
14665
14656
14654
14603
14596
14564
14540
14504
14484
14386
14383
14382
14343
14301
14255
14247
14225
14198
14045
14044
14033
14029
13985
13949
13890
13866
13849
13846
13680
13674
13671
13635
13598
13575
13571
13567
13526
13515
13496
13495
13490
13485
13375
13362
13325
13322
13309
13308
13304
13297
13286
13256
13253
13244
13233
13180
13127
13124
13105
13103
13101
13092
13091
13070
13061
12989
12980
12976
12972
12913
12912
12911
12880
12785
12768
12697
12696
12665
12632
12628
12624
12623
12618
12615
12614
12607
12601
12599
12597
12593
12588
12550
12545
12541
12531
12476
12437
12436
12412
12391
12388
12373
12371
12343
12338
12335
12322
12278
12255
12214
12146
12125
12084
12053
12052
12034
12032
11917
11916
11846
11825
11823
11784
11696
11658
11647
11634
11615
11613
11611
11605
11596
11593
11592
11586
11585
11581
11577
11574
11505
11398
11347
11267
11254
11226
11221
11201
11198
11196
11021
11006
10996
10994
10953
10946
10800
10712
10671
10664
10663
10662
10636
10634
10628
10600
10522
10477
10442
10426
10417
10386
10359
10339
10136
9810
9753
9624
9490
9174
8944
8931
8859
8833
8831
8829
8772
8689
8288
8280
8251
8157
7898
7832
7831
7823
7816
7813
7810
7779
7579
7568
7512
7339
7265
7065
6826
6577
6568
6565
6191
5758
5752
5045
4782
4779
4777
4775
4774
4757
4620
4615
2938
2916
2899
2890
2489
2487
2434
2276
2274
1815
1766
1435
1423
1415
1254
1067
969
807
734
697
620
248
203653
203648
203580
203575
203570
203333
203333
203333
203323
200495
200486
200466
199613
199613
198940
198317
198148
198132
198108
198106
198106
198106
198106
198106
197981
197628
196529
196523
196470
195892
195853
195799
195799
193930
193924
193890
193440
193276
193273
192764
192736
192736
191846
191835
191730
191620
191141
191134
191122
191112
190984
190764
190638
190284
190258
190256
189994
189990
189678
189373
189372
189252
188915
188915
186500
186490
186455
185827
185818
185637
185337
184649
184524
184524
184220
184214
184207
184195
184150
183896
183537
183530
183474
183473
183472
183471
183467
182518
182398
182391
181916
181916
181524
181522
181517
181514
181495
181336
181003
180937
180214
180211
180203
180198
180194
180191
180107
180104
180103
180093
178592
178340
178004
177845
177777
177768
177759
177751
177742
177183
175645
175419
174715
174710
174689
174686
174685
174508
174261
173905
173776
173166
173020
172914
172521
172517
172512
172510
172507
172503
172363
172298
172134
172095
172080
172073
172070
172065
172062
172055
172051
172043
170517
170477
170473
170467
170463
170460
169712
168671
168668
168390
167781
167778
167685
167680
167561
167561
167442
167435
167434
167430
167425
167041
166750
166744
166706
166697
166689
166602
166590
166580
166417
165681
165678
165671
165578
165544
165538
165536
165532
165531
165527
165526
165523
165506
165497
165494
165490
165473
165468
165461
165456
165454
165448
165443
165440
165428
165423
165146
165053
165048
165043
165042
165037
165028
164829
164823
164439
164433
164369
163781
163190
162860
162859
162856
162852
162779
162748
162039
162035
161999
161993
161987
161831
161828
161827
161822
161822
161779
161759
161754
161361
161189
160597
160322
159518
159431
158850
158697
158672
158624
158226
158218
158207
158134
158090
157907
157905
157904
157903
157900
157897
157895
157892
157891
157888
157606
156438
156016
156006
156006
155983
155956
154938
154658
154585
153968
153412
153406
153400
153399
153395
153384
153382
153377
153373
153371
153124
153110
153071
152827
151480
151476
151452
151452
150204
150157
150009
149333
149165
149059
148278
148225
148144
148119
148092
148078
148066
148016
147973
147299
147170
147031
146804
146684
146683
146679
146668
146397
146265
145819
145796
145795
145794
145751
145742
145733
145367
144505
144416
144399
144178
144164
144139
143671
143669
143666
142584
142579
141801
141796
256330
254748
254748
254308
253633
253633
251472
250427
249833
249833
249370
247698
246204
245667
245650
245622
245612
245223
245214
244914
244838
244834
244784
244784
244779
244779
244757
243471
242819
242815
242812
242805
241318
240460
240429
240424
240419
240414
240366
239713
239222
239220
239039
239039
238677
238227
238227
237680
237602
237354
236678
236673
236669
235535
235535
235274
235178
235170
234917
234860
234832
234823
234541
234541
234537
234537
234017
233893
233448
233448
232900
232895
231856
231856
231255
231253
231247
231243
231192
231186
231177
231171
231162
231148
230598
229758
229524
229503
229313
228975
228967
228964
228935
228900
228898
228895
228880
228851
228840
228785
228677
228669
228216
227940
227621
227616
226777
226777
226720
226119
226062
226040
226036
226006
225918
225890
225838
225751
224388
224378
223296
223292
223243
223196
222955
222803
222689
222687
222359
221307
221299
220994
220932
220147
220147
219829
219218
218232
218130
218077
218077
217531
217126
216830
216645
216080
215951
215945
215486
215114
215010
214824
214095
214095
213945
213942
212961
212957
212939
212316
212316
211934
211926
211917
211912
211906
211904
211900
211894
211885
211883
211875
211823
211531
211519
211513
211511
211509
211508
211305
210683
210682
210679
210676
209951
209794
209788
209779
209778
209774
209771
209770
209767
209764
209760
209750
209748
209679
209670
209661
209653
208939
208939
208732
208645
208638
208633
208616
208614
208607
208606
208603
208123
208123
207871
207808
207808
207356
207348
207275
206951
206572
206504
206426
206414
206404
206376
205301
205297
205297
205295
205291
205286
205286
205090
205056
205051
205041
204609
204609
204192
309017
308294
305348
304420
303815
303754
302710
302211
302211
297050
297050
296801
296789
296785
296678
296313
296147
295769
292288
292284
292282
292080
292030
291162
289734
289427
289420
289291
289291
289284
289275
289268
289260
289257
289254
289254
289223
289208
289195
289193
289186
289164
289161
286883
286469
285740
285740
285601
285006
283350
283190
280402
280331
279642
279639
279279
279278
278522
278452
277032
276266
276253
276057
275082
274589
274240
274237
273303
271732
271587
268574
268566
268505
266381
263717
263717
263557
263557
263461
263461
262140
262073
261434
261193
261085
261085
259364
258999
257789
257344
257328
366180
366180
364446
361943
360128
360128
359966
359834
359830
359828
359826
359824
358849
358117
356517
355732
355100
353861
353484
352265
352184
351150
351150
351146
351138
351138
351132
351132
349649
347650
347336
346985
346980
346980
346976
345043
344862
343847
342619
342619
342541
342532
341893
341364
341301
340943
340206
339928
339860
339857
339857
335642
334780
333204
331707
331707
329240
327811
327774
327774
326756
326756
324258
324258
322461
322461
320906
320736
319623
319021
319021
318692
318692
318005
317934
317373
315500
314520
314520
314412
314387
313608
312913
312913
311472
311145
310334
310169
434905
434836
434180
434177
434164
434156
433400
432713
431486
428488
428111
428070
425875
424763
423102
423094
421674
419418
419405
419403
417884
417884
417122
416322
416239
413477
413477
411209
410303
410264
410242
409306
408702
408613
408612
408570
408570
408340
407050
406083
406083
404117
403225
403225
403153
403142
399546
398636
398301
397214
397203
397203
397093
396308
395651
395646
395216
395216
392634
388897
387765
387765
387352
387352
386128
385253
385247
384824
384824
384755
384755
384517
384517
379311
378890
378888
378225
378176
375944
375940
375937
375912
375839
374564
373928
373927
373898
372189
371550
370923
370923
369337
369327
369074
369074
503319
499353
498187
496932
496932
496870
496019
496019
492790
492398
490946
490699
490604
490405
489875
489179
488204
488195
487721
486963
484014
482199
481684
481683
475481
475481
475383
474606
474606
474011
474011
473762
472511
472508
471921
470510
470141
469559
469559
469543
469543
469538
469535
468707
468571
466167
466167
465778
465778
463980
463421
463264
462487
462452
462135
461969
457712
457712
452364
452364
450703
450703
449088
448104
445373
442932
442851
442507
440867
440815
440798
439819
436253
436252
435828
434932
434927
434927
434908
554789
553574
549867
548866
548021
546782
546719
542900
542127
542112
541423
537543
537219
536217
531806
528002
527689
527444
527444
527407
526049
526049
522123
522123
521988
520612
519193
519193
515006
514075
513962
513625
512712
511651
509027
507174
506500
654820
649230
642359
641841
641836
636913
634767
621814
615881
615852
615841
615829
615821
615373
613548
609346
609343
604083
600073
593390
591798
583457
581718
581718
581679
572914
572914
571202
571199
564437
562741
794508
787894
787894
785578
777172
770513
767982
763239
754931
754931
754864
754856
754422
754324
753842
753839
753833
752093
752093
751883
751562
751537
751235
747366
747195
747184
747176
747169
747167
747050
747050
746394
742689
742689
732453
726406
704238
704237
704237
693984
693984
692338
692338
686357
686357
683610
683610
682049
680325
667313
661043
661043
962498
954985
949376
885238
885135
876155
863856
853314
835909
834105
822422
813327
813327
802112
802112
800643
800623
1256911
1208852
1192190
1192190
1146207
1133455
1052880
1052880
1035826
1035826
1031625
1031625
1003957
1003957
998088
990674
990673
1309364
1373648
1482581
1346799
1456292
1482581
1309364
1373648
1804422
1917699
1917699
1976503
2281764
2117103
1980190
2009029
2112878
2358522
2222963
1976504
2281764
2119773
2341597
1976504
2093791
2119775
2766557
2490993
2617537
2708456
2622560
2617539
2766557
2617539
2755938
2624749
2722372
2624746
2490993
2624746
3144829
3346951
3269181
3269181
3346951
2948706
3530645
3170177
3840198
4296519
4317244
4296519
4296470
4732544
5250151
5303162
4935848
4491432
5303162
4417325
4869364
4935848
5250151
5200429
4617053
5186971
5303169
4732544
5864905
5633617
5597788
5380486
6180852
5852983
5900571
5924670
6180852
5633617
5427646
5427646
5900571
