6292905
6584865
6575692
6560080
6537228
6568640
6553778
6529987
6442320
6471345
6471345
6749005
6367701
6604570
6311657
6636341
6656739
6614215
6631955
6279621
6581397
6566553
6562776
6559898
6434278
6669671
6677493
6607433
6585642
6584889
6435876
6409762
6721468
6721511
6568714
6553864
6331533
6456467
6734084
6714016
6636363
6614215
6345452
6686726
6686726
6494780
6618491
6730694
6345354
6498473
6669670
6669650
6669668
6653108
6237879
6584889
6533466
6604480
6529922
6230562
6459805
6279000
6238010
6238010
6452171
6656739
6345452
6581398
6656713
6378474
6480172
6378458
6607428
6622461
6533467
6568714
6331533
6543640
6380550
6350753
6442320
6348976
6725178
6456465
6734648
6607433
6337900
6338997
6237879
6587095
6578006
6438733
6721468
6537228
6662959
6529922
6237669
6442320
6442320
6714016
6367701
6529584
6600875
6683881
6450068
6656713
6452817
6217960
6607428
6585642
6734529
6659907
6659907
6584865
6533467
6587095
6560080
6604480
6721511
6363917
6459767
6543640
6734607
6237669
6224791
6224791
6279000
6749011
6431321
6607484
6529584
6636363
6754036
6352624
6350721
6584693
6584736
6452817
6653071
6669670
6338997
6292905
6568640
6553864
6662959
6529987
6371540
6431321
6604570
6604639
6604639
6230601
6434069
6386903
6451969
6636341
6600875
6456465
6562776
6559898
6653071
6498500
6217960
6677493
6436022
6260478
6260478
6643555
6533466
6578006
6435876
6434405
6456467
6363917
6584830
6584830
6459767
6380550
6495684
6495685
6533711
6449986
6348976
6352624
6584693
6584736
6279621
6581398
6618491
6730693
6566553
6221710
6666640
6669671
6669650
6653108
6436022
6749005
6686726
6686726
6714016
6721468
6721511
6730694
6734084
6725178
6734648
6683881
6714016
6721468
6721511
6734529
6734607
6749011
6754036
6730693
3651118
3651118
6749005
6730694
6714016
6721468
6721511
6734084
6686726
6686726
6734648
6725178
6337900
6683881
6714016
6721468
6749011
6721511
6754036
6734607
6734529
2390055
6730693
6434405
138732
138722
138135
136432
136389
136128
136125
134860
134790
134309
134306
134302
134300
134298
134293
134291
134288
134285
134281
134274
134273
134270
134269
134264
134262
134261
134256
134254
134253
134248
134244
134208
132435
127885
127803
127797
127563
127560
127481
125788
125770
125265
124163
123258
119903
118965
118957
118938
118930
118776
118770
118769
118766
118765
118760
118757
118755
118749
118735
118731
118717
118711
118703
118701
117927
117646
116647
115688
115680
115678
115673
115426
115419
115409
115399
115386
115373
115369
115361
115352
115340
115331
114705
113868
113070
113067
113050
112927
112705
111966
111910
111748
111012
111004
110997
110960
110955
110952
110844
110393
110393
110277
110233
106932
106923
106922
106920
106914
106898
106894
106888
106880
106431
106014
105914
105914
105913
105170
105051
105045
104941
104301
103718
102548
102341
99251
98525
98522
98512
98510
98482
98447
98439
98406
98336
98329
98321
93850
92802
92801
92788
92781
92779
92776
92774
91649
91636
91565
91378
91349
90977
88956
88215
88212
88139
88138
88134
88133
88128
88127
88124
88123
88122
88119
88117
88114
88113
88111
88104
88086
88075
88069
88062
87272
86755
86373
85082
85024
84598
84385
83597
83334
83320
83310
83298
82557
82548
81968
81961
81893
81877
81874
81865
81858
81851
81850
81834
81832
81828
81735
81663
81611
81596
81482
81140
80821
80805
80771
80677
80665
80452
80440
80326
79524
79169
79160
79149
79144
78850
78848
78846
78833
78682
78069
77924
77921
77918
77911
77511
76089
76071
75995
75984
74952
74443
73007
72947
71445
69599
69326
69288
69247
68505
68071
67646
67633
67621
67606
67594
67572
67534
67508
67136
67127
66068
66012
65823
65810
65668
65112
65063
64698
64104
63990
63511
63502
63474
63442
63419
63277
63201
63160
62796
62741
62648
62299
61933
61113
61019
60970
60160
59785
58293
57948
57680
56329
56011
55793
54361
54360
53823
53776
53280
52678
52455
52361
52351
52337
52177
50881
50232
49828
49314
49059
48862
48828
48539
48511
48286
48233
47570
46613
46598
44910
44901
44896
44887
44878
43854
43850
43605
43534
43360
43349
43344
43303
43269
43265
42476
42435
42377
42313
42239
40786
39638
39151
39143
37995
37770
37318
37313
37306
37292
37071
36680
36468
35712
35684
35584
35433
35425
35263
35236
34969
34905
34837
34795
34349
34333
34332
34241
34169
34023
34006
33916
33913
33912
33899
33838
33837
33755
33676
33658
33643
33067
33022
32960
32959
32932
32862
32604
32531
32502
32073
32048
31970
31846
31839
31835
31566
31528
31322
31251
31203
31195
31106
31038
31021
31017
30833
30826
30821
30817
30814
30809
30716
30624
30579
30361
30305
30202
30199
30051
30029
30014
29996
29911
29866
29854
29758
29743
29735
29733
29717
29571
29395
29364
29197
29191
29163
29157
28926
28596
28288
28287
28286
28107
27951
27937
27798
27568
27534
27276
27117
27104
27082
26875
26836
26834
26802
26776
26771
26766
26589
26126
26109
26094
26088
26064
26054
26046
26040
25978
25940
25936
25720
25695
25694
25693
25457
25455
25454
25452
25438
25436
25298
25242
25169
25002
24988
24940
24866
24860
24813
24574
24533
24228
24225
24171
24116
24095
24003
23991
23920
23779
23322
23231
22786
22731
22126
21935
21730
21528
21404
21152
21139
21019
20613
19858
19579
19529
19340
19192
19048
18978
18916
18873
18366
18365
18255
17870
17836
17791
17786
17688
17423
17422
17345
17159
17150
17131
17048
17008
16862
16816
16775
16691
16684
16665
16537
16468
16414
16413
16142
16063
16062
16040
16039
15948
15931
15904
15865
15842
15777
15743
15720
15432
15304
15179
15090
14975
14642
14592
14547
14320
14239
13873
13728
13692
13678
13670
13605
13595
13585
13573
13511
13506
13494
13491
13489
13488
13484
13469
13464
13456
13449
13441
13434
13415
13413
13410
13373
13366
13365
13364
13341
13319
13307
13169
13125
13122
13116
13097
13078
12999
12971
12928
12748
12701
12610
12606
12602
12549
12543
12522
12521
12485
12468
12456
12449
12440
12439
12435
12411
12409
12368
12183
12182
12128
12074
12046
11956
11940
11879
11582
11578
11405
11404
11340
11158
11032
10986
10972
10824
10775
10657
10648
10632
10595
10593
10588
10579
10369
9928
8977
8825
7760
7177
7144
4995
4882
4786
4570
4566
2909
2745
2700
2663
1854
1653
1433
203787
203782
203774
203753
203746
203399
203394
203388
203384
203379
203374
203370
203364
203359
203354
203241
203236
203233
202237
201819
201569
201564
201535
201529
201525
201516
201513
201485
201480
201476
201212
201195
199973
199969
199963
199417
199410
199408
199405
199402
199399
199398
199396
199390
199387
199345
199335
199318
199309
199306
199303
199287
199284
199279
199277
199271
199258
199253
199250
199242
199237
199235
199234
199233
199222
199213
199208
199198
198456
198382
198376
198362
198353
198350
198347
198259
198259
198130
198127
198102
198098
197723
197642
197638
196616
196546
196515
196482
196468
196466
196465
196461
196069
196064
196058
196054
196051
196029
196026
196025
196024
195796
194478
194476
194468
194464
194458
194455
194376
194281
193286
193286
193250
193247
193244
193235
193231
193225
193046
193044
192133
192126
192122
192116
192112
192109
192102
192079
192075
191784
191780
191776
191773
191770
191430
191426
191420
191411
191363
191360
191357
191021
189476
189414
189410
189404
189401
189395
189301
189123
189119
188981
188976
188970
188965
188959
188956
187465
187465
186987
186945
186933
185810
185807
185646
185604
185599
185511
185508
185500
185497
185310
184476
184159
183913
183908
183903
183900
183892
183820
183817
183689
183255
183193
183110
182564
182562
182560
182524
182345
180150
179902
179896
179857
179853
179850
179847
179846
179841
179839
179837
179835
179832
179824
179823
179820
179818
179811
179808
178550
178549
178548
178547
178546
177607
176721
176718
176713
176711
176704
176702
176634
176004
176003
176001
175999
175648
174586
174582
174579
174577
174546
174119
174085
174083
174081
174078
174039
174034
174031
174028
174025
174021
173900
173898
173775
173774
172970
172918
172898
172896
172893
172873
172869
172866
172864
172861
172859
172855
172853
172852
172850
172848
172847
172845
172843
172575
172354
172311
172111
172105
172099
172096
172093
172087
171348
171339
171334
171333
171326
171321
171296
171285
171261
171253
171008
171002
170993
170988
170876
170699
170183
170136
168990
168987
168800
168792
168788
168779
168771
168762
168759
168755
168275
167988
167977
167973
167970
167962
167959
167958
167954
167951
167946
167945
167943
167938
167937
167933
167929
167926
167923
167917
167916
167915
167911
167909
167888
167881
167878
167876
167872
167871
167868
167867
167860
167844
167839
167564
167559
165815
164696
164694
164691
164689
163599
163115
162123
162123
161404
160627
160297
159509
158144
158141
158137
157842
157839
157834
157830
157611
155870
155866
155863
155861
155858
155843
155841
155838
155834
154691
153500
152773
152764
152758
150208
150018
150014
150012
149990
149127
148855
148727
148723
148289
148243
148061
148054
148052
148049
148044
148038
148008
147987
147982
147917
147782
147654
147173
147051
147028
146778
146776
146749
146659
146657
146401
146398
146396
146308
146305
145626
145365
145354
145351
145349
145343
145159
144731
144227
142573
142375
140845
140835
256620
256114
254763
254760
253639
252490
252488
252487
252450
251749
251683
251463
251452
249298
249293
247886
247878
247874
247869
247865
247859
247853
247663
246043
245974
245848
245646
245637
245628
245088
245088
243896
243894
243597
242781
242637
242624
242557
242553
242550
242526
242284
242263
242260
242256
242238
242237
242232
242230
242225
242221
241950
241497
241493
240639
240637
240635
240595
240582
239322
239279
239275
239237
239236
239233
239231
238420
238418
238416
238415
238211
238073
237922
237919
237907
237907
237606
237537
237535
237533
237532
237527
237524
237523
236779
236361
236248
236190
236187
236182
235910
235907
235904
235903
235895
235893
235891
235890
235889
235886
235884
235882
235879
235877
235875
235873
235870
235866
235865
235864
235863
235861
235860
235858
234942
234246
234241
234237
234234
234230
234223
233750
233412
233411
233409
233408
233404
233401
233399
233396
233392
233388
232936
232261
232261
232070
231872
231443
231436
231436
231436
231304
231061
231059
231054
231050
230951
230064
230001
229106
229106
228396
228153
228151
228147
228144
228142
228139
228134
228110
228107
227722
227454
227454
227102
227019
226936
226934
226931
226923
226780
226160
225919
225738
225609
225606
225604
225601
225599
225580
225400
225398
225393
225390
224873
224870
224827
224823
224414
224407
223260
223229
223225
223224
223213
223198
223193
223190
223046
223043
222164
222159
222155
222150
222143
221692
221689
221687
221653
221572
221533
221471
221468
221466
221464
221462
221459
221457
221453
221444
221349
221348
221347
221345
221342
221341
221338
221308
220574
219192
219192
218972
218965
218742
218742
218497
218216
218216
218210
218050
218041
217934
217929
217843
217602
217593
217589
217587
217584
216818
216407
216368
215784
215685
215518
215515
215513
215510
215509
215502
215498
215496
214537
214537
214060
213461
213229
213228
213225
213203
211898
211897
211895
211892
211775
211772
211769
211601
211452
211450
211447
211442
211437
211434
211432
211311
211307
211134
210424
209729
209726
209722
208886
208886
208583
208188
208170
208164
208141
207573
207572
207569
207566
207560
207557
207555
207552
207551
207549
207545
207543
207540
206057
206051
206042
206039
206028
206025
206022
206020
205908
204674
204671
204668
204661
204570
204569
308278
308278
307598
306980
306976
306732
306732
306510
306509
305554
305548
305153
304944
304944
302313
302312
301922
301918
301913
301237
301053
300960
299582
298989
298035
298024
297259
297083
296512
295326
292253
291571
291567
290881
289576
289565
289548
289510
289504
289500
289496
289482
289482
289461
289454
289442
288570
286840
283226
281894
280890
280403
280403
280370
280367
280360
280220
280219
280211
279779
279593
278369
278369
277030
277030
276298
276156
276051
275413
274782
274778
274701
274699
274163
273684
273667
273665
273137
272683
272680
272416
272320
271799
271799
271760
271725
271515
271028
270349
269619
269389
269389
268036
266498
264647
264633
260875
260115
259822
259790
259575
259575
259565
259402
259402
259360
259360
258860
258625
257868
257867
257865
257440
257346
257346
257317
257054
367732
367724
364588
364490
364432
363931
362518
359113
359086
358891
358370
358351
357070
356767
356670
355058
355055
355046
354965
354714
353860
353491
352328
352328
352173
351952
351095
349913
349913
349659
349654
349343
349343
349330
349327
349326
347602
347188
347184
346506
345209
345176
345064
345046
344041
343697
343078
343078
342545
341851
341851
341361
340967
339859
339259
338775
338771
338320
338318
337423
336267
336257
335830
335480
335480
335447
334737
333196
333196
333189
333189
332402
332397
331654
330179
330173
327755
326795
323776
323601
323440
323369
322290
322290
321290
319868
319694
319016
317841
317838
317833
316617
316168
316151
315496
314951
313853
313797
313797
312918
312915
312915
312900
312891
312280
312280
312070
312070
311497
434835
434828
434823
434819
434812
433691
433638
433547
433503
433417
433415
433193
433190
433185
432672
431557
430621
430337
430326
430155
430152
429173
428687
428555
428113
427637
427633
427632
427627
427625
427623
426319
425413
425412
425408
425369
424356
424284
424230
424210
424197
424195
422640
422636
422634
422484
422476
421644
421644
421478
419920
419879
419873
419517
418840
418838
417715
417650
417649
417648
417646
417499
417120
415139
415122
415118
413246
412632
411771
411433
411168
409760
409752
409301
409069
408884
408884
407931
407930
407919
407919
407668
407667
407666
407665
407554
407550
407542
407538
407536
407532
407528
407526
407525
407520
407463
407462
407461
407458
407453
407452
407449
407446
407445
407443
407440
406062
405807
405804
405804
404552
404401
404113
403986
403946
403348
403020
402877
402873
402868
402866
400796
400767
400764
400757
400756
400755
400752
398926
398922
398423
398325
398316
398313
398309
398307
398300
398298
398297
398294
398290
397210
396595
396310
395791
395777
395771
395766
395759
395648
394686
394315
393893
393873
393488
393438
392098
391941
391379
391267
391255
391249
391242
390704
390699
390697
390658
390649
390648
390647
390642
390636
390628
390621
390618
390617
390609
390604
390596
390580
390579
390577
390574
390564
390562
390561
390558
388001
387850
387511
387153
386284
386284
385763
385761
385759
385723
385234
381818
378660
378376
378180
377813
377511
377511
377490
376928
376683
375636
375479
374378
373398
372740
371566
370119
369508
369508
369338
503215
501898
501898
501764
501762
500590
500575
500575
499041
499038
496868
496734
496729
496727
496725
496720
496715
496571
496567
495364
492435
492011
490694
490192
490113
490056
490056
490000
485560
485547
484272
484271
483022
483022
482557
481685
480781
480624
478193
476374
476365
476364
475645
475478
475307
475248
475245
475236
474034
474014
472866
471144
471052
471050
469858
469858
469851
469834
469555
469555
468584
468020
467768
467768
467764
466568
466134
465586
464580
463523
462448
462443
461753
461151
461076
461074
460564
460561
460557
460555
460551
460519
457723
457720
456997
456985
456982
456978
456816
456815
456400
455723
455722
455720
455715
455711
454796
454026
452865
452856
452853
452851
452845
452599
452081
452076
452073
452066
452056
452048
452012
451981
451791
450929
450208
450197
450193
450188
450182
450155
450147
449981
449819
449530
449526
449524
449517
449510
449405
449405
449383
449242
449242
448531
448375
448371
447775
447771
447770
447768
447767
447762
447759
447758
447757
447756
447754
447752
447749
447748
447745
447743
447741
447620
447377
447372
447368
447216
447212
445795
445785
445470
445466
445463
445394
444451
444443
444438
444244
444242
444070
444047
444019
444011
444005
443968
443936
443879
443876
443638
443457
443455
442854
442849
442524
442518
441176
440849
440845
440820
440817
440043
439805
439803
439654
439348
439348
439333
438278
438209
438199
437949
437907
436704
436702
436695
436690
436684
436681
435838
435241
562103
560494
558625
558516
558235
557532
557476
557473
555252
555246
554763
554763
554037
553900
551999
549324
549321
548772
546778
546471
546471
543406
542698
542659
542408
542296
541302
541174
540766
540398
539675
539672
539204
535459
532989
532989
531799
531793
531399
531399
530322
528187
528076
526950
526516
525334
525263
524459
523737
523377
523005
522733
522360
519946
519006
518994
518647
518647
514495
514495
514073
514016
513957
513843
513252
513183
513183
511136
510771
510771
510551
508980
507422
507265
506499
506499
505156
504810
654829
650533
650533
648941
648925
648662
646783
643419
643417
641811
638448
638413
636873
636353
635116
634748
627754
625102
625099
620527
617139
600230
597191
596732
593512
592365
592276
592139
591804
590737
588555
586705
585557
581688
580501
578973
578535
576002
575998
575569
575564
574436
572176
571614
571600
571184
571184
569692
569322
568202
568192
568192
568180
568180
568176
568171
568153
567212
567122
566445
565603
565181
564279
563994
563989
563672
563045
563045
563042
563042
562373
562373
797834
791768
790394
787517
787141
787141
787001
785494
781200
780968
778524
775588
775437
775426
772329
771977
771841
771833
771824
769540
762869
760715
758261
758190
757122
757122
756888
755912
755912
755721
755721
755462
755462
755306
755274
754985
754861
754850
754847
754842
754430
753835
753821
753811
753805
753148
752757
752393
752376
752363
752363
752344
751425
751425
751414
751389
751354
751186
751186
748690
748684
747216
747189
747160
747157
747135
747124
747074
747061
747022
746926
746862
746732
746622
746435
746417
746383
746376
746358
746358
746337
746335
743469
743469
732528
726728
726728
726723
726715
726715
726191
726191
726185
725618
725618
723841
721035
717635
717635
709431
709431
707998
707975
707320
707320
703326
703216
700362
700310
697500
697499
694473
694453
692259
691219
691219
680500
678553
678500
663814
663509
663150
964597
963782
960651
954140
951165
948039
947571
947049
940011
938186
928432
926192
926133
925254
924527
923576
918894
912837
908812
908349
906014
906014
904163
904163
904115
898621
891762
891760
889444
889413
888624
864000
863999
863998
863996
863854
863847
855195
855128
843088
838854
838846
838775
836189
833068
831526
829879
829879
824852
824849
823367
821958
821958
819261
813935
809280
809254
809254
808681
807766
807765
800615
800608
800602
800601
800572
800565
800557
800551
799661
799642
1250428
1250428
1212067
1212066
1212065
1210757
1202067
1186891
1182785
1177625
1177624
1177623
1175744
1157910
1157910
1154288
1151963
1151950
1149673
1147648
1147648
1108813
1091283
1084806
1084805
1081832
1081485
1080845
1075562
1074822
1074822
1074645
1068915
1066426
1061855
1052217
1035836
1035836
1035825
1032540
1032540
1031624
1031624
1027702
1018981
1010247
998094
998091
998087
996447
996446
996445
996444
990675
990672
988803
988457
984575
979724
979724
976921
974258
967400
1276224
1289790
1303350
1334365
1387791
1394369
1458030
1527114
1303349
1321246
1336592
1410863
1444476
1469834
1523464
1284926
1287084
1287084
1303348
1363019
1365043
1460392
1276225
1284926
1334365
1349454
1472999
1303347
1355874
1379772
1387969
1387969
1531996
1249714
1271048
1365017
1387791
1523461
1555783
1555816
1410754
1321406
1430736
1441388
1460388
1669419
1732857
1853336
1897333
1916537
1931322
1654131
1826106
1873784
1917296
1599975
1636817
1676291
1599974
1617159
1800924
1917289
1386443
1581187
1581192
1700992
1647195
1647198
1851733
1637328
1781758
1800924
1804444
1613782
1647196
1711533
1726739
1901785
2307504
1984785
1997404
1970011
2336723
2237899
2237900
2150749
1998794
1966508
2001742
2048728
2237902
2286118
2336724
2264070
1270973
2237908
2334896
2059718
2163607
2196118
2299563
1332317
1977055
2390055
1674452
1998501
1941785
2343140
2279660
2252737
2067104
2246141
1264010
1953723
2069661
1970011
1641131
2264036
2316140
2116546
2250608
1941786
2334896
1262771
2278821
2071804
2319394
2252752
1982207
1985458
1569889
2343161
1821178
2223024
1270974
1995973
2279659
2259086
2235406
2764658
2565487
2885735
2510438
980584
2427131
2566475
2888796
1413864
2592333
2835623
2689905
2644681
2565500
2644695
2831948
2447567
2726485
2664829
2565511
2656011
2674272
2493070
2270762
2650823
2565495
2488584
2806066
2689165
2566474
2654196
2788118
1894891
2791997
2713589
2877906
2805428
2518011
2777537
2777537
2465594
2497853
2703513
2857966
2726632
2689906
2618049
2750415
2565496
2566476
2435714
2624752
2618048
2718829
2498257
2628883
2614914
2616226
2628882
2565510
2501087
2856081
2467831
2518010
2582442
2563667
2565484
2856080
2510437
2507500
2524682
2582441
2435712
2885733
2566477
2674277
2500165
2400995
2633100
2873439
2707912
2507487
2561733
2565501
1590214
2793570
2392868
1847209
2835621
1352769
2703512
2674256
2565499
2847137
2674260
2788118
2622575
2744696
2603331
2814764
2841310
2491933
1065891
2703485
2510440
2435713
2623812
2445658
2565489
2168192
2639492
2624752
2703486
2708504
2500165
3125295
3365698
2928503
3095897
2957098
3115612
3050273
3272631
3272631
3261292
2926371
3099597
2945470
2926387
2926213
2926216
3111781
3370062
2941476
3429613
3231954
3369446
3104773
3418292
3187804
2982748
3035511
3267880
3371395
3083963
3042694
3264883
3236320
3362398
3054495
3054498
3124903
3174648
3272631
2918943
3365698
3492223
3174647
3035512
3126937
3272631
2937927
3261292
3267881
3370482
2982748
3342050
3434546
2993151
2999601
3082911
3369449
2937954
2987641
3161630
3030372
2926215
2926214
3429168
3115611
3167435
3035504
2973903
3264885
3340784
3274366
2941477
3195858
2945985
3174627
3050273
3429612
4128627
3622315
3870217
3622329
3846035
3906272
3717484
3568472
3569373
4174312
3767434
4128627
4174312
3651118
3767457
3694712
3568472
3846035
3698101
4226611
3981228
4352790
3606619
3679672
4151067
4181910
3606786
3981224
3890144
3752996
3870217
3651118
3709488
3698101
3717484
3639411
3739115
4112803
3739116
4329803
4181910
3622317
3599453
4138246
3720270
4138246
3752996
5324540
4856353
4734131
4399502
4604007
4993005
5113993
4905793
4734131
4617243
5019016
4733385
4794335
4541872
4764756
4993005
5324540
5267529
4994444
5004369
4727981
4475868
5060338
5252979
5252979
5221831
4626734
4699330
5267368
5273200
5253917
4584881
5221828
4399502
4374378
4426037
4540721
5253917
5148006
4495666
5201575
5273200
5061675
5191298
5314476
4994444
4924320
4647655
4734118
4495679
5267537
4943508
4604007
4699330
4733385
4905793
5267537
4426166
5273185
5018286
4696712
4613460
4426166
4727981
5260625
4407505
4562150
5267533
4656613
5130033
5273193
4943532
5060338
4475868
4825110
4408395
5253925
5018286
5314476
4617243
4961962
5204255
5250135
4901657
5260625
4407486
4764753
5267533
5332814
6060278
5670949
5942448
5341618
5778312
6025414
5996147
6174085
6174085
6016469
6154376
5781779
5636688
5996332
5996332
5470012
5996235
5996235
5825583
5722896
5563039
5892935
5996335
5808310
5938993
5825532
5454669
5790074
5665960
5996328
5665954
5996347
6016441
5658714
5998035
5795252
5534552
6131515
6185445
5829617
6150726
5369613
6033592
5778202
6025427
5633709
5825533
5628291
6169116
6185796
6185796
5994929
6154421
6056963
6002963
5865125
5390232
6016466
6033592
5801905
5586810
5832721
6131503
6069083
5445223
6039495
5597720
5825559
6169116
5725459
5409791
6157609
6154421
6056963
5892935
5846884
6060278
5351013
6150759
5821687
5942410
5735752
5996147
5996369
5825533
6120720
5989878
5945827
5455004
5892925
5795259
5895866
6175598
5986459
6053670
5700330
5781730
5409685
5825559
5959472
5633710
5546861
5865125
5856092
5864408
5409792
6150726
6046699
5383915
6150759
6175598
5821684
5821684
5821687
5942410
5778187
5834667
6069083
6025427
5754516
5996374
5959472
5665954
6079011
5846869
5865096
5924624
5924624
5401852
5821686
6053670
6131502
5778202
5375941
5942448
6039495
5385120
5885409
5885409
6154441
5636738
5996347
5427996
5694415
5999435
5563039
5697882
6185445
5996335
5864879
5935385
5996143
5924450
5586810
5938993
5445254
5445254
6025414
5996305
5996284
6016441
5829617
5849574
6046699
6157901
6089036
5778312
5575976
5375932
5996305
5996369
5989878
5892925
5694415
5945827
5935385
5401852
5351013
5986459
6131502
5778187
5341618
5341618
6131503
5735752
5662237
5996374
6120720
5563066
5795252
5829666
5508270
6157901
5825532
5341618
5636688
5454669
5996129
5578278
6016469
5846850
5998011
5999435
5795259
5856092
5996143
6016466
5649766
5790074
5996328
5758235
5909856
5992771
6002963
5864935
5875128
6137833
6137833
5865096
5781707
5778185
6020208
6154441
6212466
5636738
5825583
5722896
5697882
5895866
5829666
5537504
5924450
5821686
5781707
5778185
5832721
5445223
5996129
5781730
5825582
5825582
5846890
5996284
5795380
6154376
6157609
6079011
6131515
5875128
